49438
  10  10  10  10  10  11  11  11  11  10  01  10  11  11  11  11  01  01  01  01  01  10  10  10  10  10  10  10  01  01  10  10  01  01  10  10  01  01  10  10  01  01  01  01  01  01 CV: 8 : 0   
49438
  10  10  10  10  10  11  11  11  11  10  01  10  11  11  11  11  01  01  01  01  01  10  10  10  10  10  10  10  01  01  10  10  01  01  10  10  01  01  10  10  01  01  01  01  01  01 CV: 8 : 0   
10319
  10  10  10  10  10  11  11  11  11  10  01  10  11  11  11  11  01  01  01  01  01  10  10  10  10  10  10  10  01  01  10  10  01  01  10  10  01  01  10  10  01  01  01  01  01  01 CV: 8 : 0   
wheel_3_1

Number of Processors: 2  Value epsilon : 0.03
Max partition size: 38

Number of Partitions aborted: 17104
Time taken: 11.37sec

The best solution found so far is:  10 10 10 10 10 11 11 11 11 10 01 10 11 11 11 11 01 01 01 01 01 10 10 10 10 10 10 10 01 01 10 10 01 01 10 10 01 01 10 10 01 01 01 01 01 01 
With Comm. Vol:  8
