472956
  01  01  11  01  11  11  11  11  11  11  11  11  11  11  11  11  11  11  11  10  11  11  10  00  01  01  01  01  01  01  01  01  01  01  01  01  01  01  01  01  01  01  01  10  11  01  01  01  01  01  01  10  11  10  10  10  01  01  01  01  11  10  01  10  01  10  01  01  11  10  01  11  10  10  01  10  10  10  01  10  10  01  01  10  10  10  01  10  10  10  10  10  10  10  10  10  10  10  01  10  01  10  10  01  10  10  10 CV: 23 : 0   
485909
  01  01  11  01  11  01  11  11  11  11  11  11  11  11  11  11  11  11  11  10  11  11  10  00  01  01  01  01  01  01  01  01  01  01  01  01  01  01  01  01  01  01  01  10  11  01  01  01  01  01  01  10  11  11  10  10  01  01  01  01  11  10  01  10  01  10  01  01  10  10  01  10  10  10  01  10  10  10  01  10  10  01  01  10  10  10  01  11  10  10  10  10  10  10  10  10  10  10  01  10  01  10  10  01  10  10  10 CV: 22 : 1   
506437
  01  01  01  01  11  01  11  11  11  11  11  11  11  11  11  11  11  11  11  10  11  11  10  00  01  01  01  01  01  01  01  01  01  01  01  01  01  01  01  01  01  01  01  11  11  01  01  01  01  01  01  10  10  11  10  10  01  01  01  01  10  10  01  11  01  10  01  01  10  10  01  10  10  10  01  10  10  10  01  11  10  01  01  10  10  10  01  10  10  10  10  10  10  10  10  10  10  10  01  10  01  10  10  01  10  10  10 CV: 21 : 2   
548766
  01  01  01  01  11  01  11  11  11  11  11  11  11  11  11  11  11  11  11  10  11  11  10  00  01  01  01  01  01  01  01  01  01  01  01  01  01  01  01  01  01  01  01  11  11  01  01  01  01  01  01  10  10  11  10  10  01  01  01  01  10  10  01  10  01  10  01  01  10  10  01  10  11  10  01  10  10  10  01  10  10  01  01  10  10  10  01  10  10  10  10  10  10  10  10  10  10  10  01  10  01  10  10  01  10  10  10 CV: 20 : 3   
578359
  10  10  11  10  11  11  10  11  11  11  11  11  11  11  11  11  11  11  11  11  11  11  11  00  10  10  10  10  10  10  10  10  10  10  10  10  10  10  10  10  10  01  10  10  10  10  10  10  10  01  01  01  01  01  10  01  01  10  10  10  10  10  10  10  10  10  01  01  10  01  01  01  01  01  01  01  10  01  01  01  01  10  01  01  01  01  01  10  10  01  01  01  01  01  01  10  01  01  10  01  10  01  01  01  10  01  10 CV: 19 : 4   
578467
  10  10  10  10  11  11  10  11  11  11  11  11  11  11  11  11  11  11  11  11  11  11  11  00  10  10  10  10  10  10  10  10  10  10  10  10  10  10  10  10  10  10  10  10  10  10  10  10  10  01  01  01  01  01  10  01  01  10  10  10  10  10  10  10  10  10  01  01  10  01  01  01  01  01  01  01  01  01  10  01  01  01  01  01  01  01  01  10  01  01  01  01  01  10  01  01  01  01  10  01  01  01  10  01  10  10  10 CV: 18 : 5   
578590
  10  10  10  10  11  11  10  11  11  11  11  11  11  11  11  11  11  11  11  11  11  11  01  00  10  10  10  10  10  10  10  10  10  10  10  10  10  10  10  10  10  10  10  10  10  10  10  10  10  10  10  01  10  01  01  01  10  10  10  10  10  10  10  10  10  10  01  01  10  01  01  10  01  01  01  01  10  01  01  01  01  01  10  01  01  01  10  01  01  01  01  01  01  01  01  01  01  01  01  01  01  01  01  10  01  10  01 CV: 17 : 6   
Trec8

Number of Processors: 2  Value epsilon : 0.03
Max partition size: 283

Number of Partitions aborted: 881170
Time taken: 738.23sec

The best solution found so far is:  10 10 10 10 11 11 10 11 11 11 11 11 11 11 11 11 11 11 11 11 11 11 01 00 10 10 10 10 10 10 10 10 10 10 10 10 10 10 10 10 10 10 10 10 10 10 10 10 10 10 10 01 10 01 01 01 10 10 10 10 10 10 10 10 10 10 01 01 10 01 01 10 01 01 01 01 10 01 01 01 01 01 10 01 01 01 10 01 01 01 01 01 01 01 01 01 01 01 01 01 01 01 01 10 01 10 01 
With Comm. Vol:  17
