%% nnz, p, Max, CV
%%Number of nonzeros per processor(s)
60 2 30 5
30 30 0 
1 9 1 
1 10 1 
2 8 1 
2 10 1 
3 7 0 
3 10 0 
4 6 1 
4 10 1 
5 5 1 
5 10 1 
6 4 0 
6 10 0 
7 3 0 
7 10 0 
8 1 1 
8 10 1 
9 8 1 
9 9 1 
10 6 1 
10 9 1 
11 3 1 
11 9 1 
12 1 1 
12 9 1 
13 7 0 
13 8 0 
14 6 1 
14 8 1 
15 5 0 
15 8 0 
16 4 0 
16 8 0 
17 3 1 
17 8 1 
18 2 0 
18 8 0 
19 4 0 
19 7 0 
20 1 0 
20 7 0 
21 5 1 
21 6 1 
22 1 1 
22 6 1 
23 4 0 
23 5 0 
24 2 0 
24 5 0 
25 1 1 
25 5 1 
26 3 0 
26 4 0 
27 1 0 
27 4 0 
28 2 0 
28 3 0 
29 1 1 
29 3 1 
30 1 0 
30 2 0 
