%% nnz, p, Max, CV
%%Number of nonzeros per processor(s)
60 2 30 6
30 30 0 
1 22 0 
1 29 0 
1 30 0 
2 20 1 
2 24 1 
2 30 1 
3 18 0 
3 28 0 
3 29 0 
4 11 0 
4 23 0 
4 28 0 
5 10 0 
5 26 0 
5 27 0 
6 9 0 
6 23 0 
6 27 0 
7 8 1 
7 25 1 
7 26 1 
8 5 1 
8 24 1 
8 25 1 
9 17 0 
9 21 0 
9 22 0 
10 9 0 
10 19 0 
10 21 0 
11 2 1 
11 19 1 
11 20 1 
12 12 0 
12 15 0 
12 18 0 
13 10 0 
13 16 0 
13 17 0 
14 7 1 
14 13 1 
14 16 1 
15 5 1 
15 14 1 
15 15 1 
16 3 1 
16 13 1 
16 14 1 
17 4 0 
17 11 0 
17 12 0 
18 4 1 
18 6 1 
18 8 1 
19 1 1 
19 6 1 
19 7 1 
20 1 1 
20 2 1 
20 3 1 
%% nnz, p, Max, CV
%%Number of nonzeros per processor(s)
60 2 30 6
30 30 0 
1 22 0 
1 29 0 
1 30 0 
2 20 1 
2 24 1 
2 30 1 
3 18 0 
3 28 0 
3 29 0 
4 11 0 
4 23 0 
4 28 0 
5 10 0 
5 26 0 
5 27 0 
6 9 0 
6 23 0 
6 27 0 
7 8 1 
7 25 1 
7 26 1 
8 5 1 
8 24 1 
8 25 1 
9 17 0 
9 21 0 
9 22 0 
10 9 0 
10 19 0 
10 21 0 
11 2 1 
11 19 1 
11 20 1 
12 12 0 
12 15 0 
12 18 0 
13 10 0 
13 16 1 
13 17 0 
14 7 1 
14 13 1 
14 16 1 
15 5 1 
15 14 1 
15 15 1 
16 3 1 
16 13 1 
16 14 1 
17 4 0 
17 11 0 
17 12 0 
18 4 0 
18 6 1 
18 8 1 
19 1 1 
19 6 1 
19 7 1 
20 1 1 
20 2 1 
20 3 1 
