%% nnz, p, Max, CV
%%Number of nonzeros per processor(s)
74 2 38 8
38 36 0 
1 1 0 
1 2 0 
1 10 0 
1 14 0 
2 1 0 
3 2 0 
3 3 0 
3 11 0 
3 15 0 
4 2 0 
4 3 0 
4 6 0 
4 18 0 
5 4 0 
5 6 0 
5 11 0 
6 6 0 
6 10 0 
6 12 1 
6 22 1 
7 4 0 
7 10 0 
7 12 1 
7 16 1 
8 5 0 
8 13 1 
8 14 0 
8 17 1 
9 14 0 
9 17 1 
9 18 0 
9 22 1 
10 5 0 
10 15 0 
10 18 0 
11 13 1 
11 16 1 
11 22 1 
12 3 0 
12 7 0 
12 19 0 
13 4 0 
13 7 0 
13 8 1 
13 20 1 
14 7 0 
14 8 1 
14 11 0 
14 23 1 
15 15 0 
15 19 0 
15 21 1 
15 23 1 
16 5 0 
16 9 1 
16 19 0 
16 21 1 
17 9 1 
17 20 1 
17 23 1 
18 8 1 
18 12 1 
18 24 1 
19 16 1 
19 20 1 
19 24 1 
19 25 1 
20 9 1 
20 13 1 
20 24 1 
20 25 1 
21 17 1 
21 21 1 
21 25 1 
