Sandi_sandi

Number of Processors: 2  Value epsilon : 0.03
Max partition size: 316

Number of Partitions aborted: 5478571
Time taken: 5535.1sec
 
STOPPED BEFORE PARTITION WAS FINISHED
SOLUTION MAY NOT BE OPTIMAL

The best solution found so far is:  01 01 11 01 10 10 10 10 01 10 10 01 01 01 10 01 10 01 10 01 01 01 11 10 01 10 10 01 01 10 01 01 10 10 01 01 01 10 01 10 10 01 10 10 01 10 01 01 01 01 10 10 10 10 01 01 10 01 01 10 01 01 10 10 10 10 01 10 01 10 01 01 10 10 10 01 01 01 01 01 10 10 01 01 01 01 01 01 01 01 10 10 01 10 10 01 10 10 10 10 10 10 01 01 10 01 01 10 10 11 10 10 01 01 10 01 01 10 11 10 01 10 10 01 10 10 10 01 01 10 10 01 10 01 01 01 01 10 10 10 01 01 01 10 01 10 01 10 01 01 01 10 10 01 10 01 10 10 01 01 01 10 01 01 11 10 01 01 01 10 10 10 01 10 10 10 01 01 01 10 01 10 01 10 01 10 10 10 10 10 01 10 01 10 01 10 01 10 10 01 01 01 01 01 10 10 10 01 01 10 01 10 01 10 10 01 10 01 10 01 10 01 01 10 10 10 11 01 10 01 11 10 01 01 01 01 10 01 10 10 01 10 01 01 01 01 01 01 01 10 10 10 01 01 01 10 10 01 10 01 01 10 01 10 10 10 01 10 10 10 01 01 01 10 01 10 10 11 01 10 01 10 01 10 10 10 10 10 10 10 01 01 10 01 10 10 01 10 01 10 01 10 01 01 01 10 10 10 10 01 01 01 10 01 01 10 01 01 10 10 10 10 10 10 10 01 01 10 10 10 10 01 01 01 01 11 01 11 11 11 11 11 01 01 01 10 01 10 01 10 01 01 01 01 01 01 10 01 10 10 10 10 01 01 01 10 01 01 10 10 10 01 01 10 10 01 10 10 10 11 10 01 01 10 10 01 01 10 10 10 01 10 10 10 10 01 01 10 01 01 10 10 10 10 01 10 10 01 11 11 11 10 01 01 01 10 10 01 01 01 01 01 10 10 01 01 01 01 01 01 01 01 01 01 01 01 01 10 10 01 01 11 11 10 10 10 10 10 11 11 10 11 10 10 10 01 01 01 11 11 11 10 01 10 11 10 10 11 10 01 01 10 10 10 10 10 10 10 10 10 10 10 10 11 11 11 11 11 11 10 11 11 11 01 10 10 10 01 01 01 01 01 01 01 01 01 10 10 01 01 01 11 01 11 11 01 11 01 01 01 01 10 10 10 01 01 01 01 01 10 01 01 10 10 01 01 01 01 01 01 11 11 10 01 01 01 01 10 10 01 01 10 10 10 10 10 10 10 10 10 10 10 10 10 10 10 01 10 01 01 10 10 10 10 10 10 01 01 11 10 11 01 01 11 11 11 10 01 01 01 10 10 10 11 01 11 11 11 10 10 01 01 01 01 10 10 10 10 01 10 01 01 01 01 01 01 01 01 01 10 10 01 01 10 01 10 10 10 01 01 10 10 10 10 01 01 01 01 01 10 01 10 01 10 01 10 10 10 10 10 10 01 10 10 01 10 10 01 10 10 10 01 01 01 10 10 11 10 01 01 01 01 01 01 
With Comm. Vol:  53
Sandi_sandi

Number of Processors: 2  Value epsilon : 0.03
Max partition size: 316
