%% nnz, p, Max, CV
%%Number of nonzeros per processor(s)
98 2 50 5
50 48 0 
1 1 1 
1 2 1 
1 3 1 
1 4 1 
2 1 1 
2 2 1 
2 3 1 
2 4 1 
3 3 1 
3 4 1 
4 5 1 
4 6 1 
4 7 1 
4 8 1 
5 7 1 
5 8 1 
6 9 1 
6 10 1 
6 11 1 
6 12 1 
7 11 1 
7 12 1 
8 13 0 
8 14 0 
8 15 0 
8 16 0 
9 15 0 
9 16 0 
10 17 0 
10 18 0 
10 19 0 
10 20 0 
11 19 0 
11 20 0 
12 21 0 
12 22 0 
12 23 0 
12 24 0 
13 25 0 
13 29 0 
13 30 0 
13 31 0 
13 32 0 
14 26 0 
14 29 0 
14 30 0 
14 31 0 
14 32 0 
15 27 1 
15 29 1 
15 30 1 
15 31 1 
15 32 1 
16 28 0 
16 29 0 
16 30 0 
16 31 0 
16 32 0 
17 3 1 
17 7 1 
17 11 1 
17 31 1 
18 4 1 
18 8 1 
18 12 1 
18 32 1 
19 15 0 
19 19 0 
19 23 0 
19 27 1 
20 16 0 
20 20 0 
20 24 0 
20 28 0 
21 1 1 
21 5 1 
22 2 1 
22 6 1 
23 1 1 
23 9 1 
24 2 1 
24 10 1 
25 1 1 
25 29 1 
26 2 1 
26 30 1 
27 13 0 
27 25 0 
28 14 0 
28 26 0 
29 17 0 
29 25 0 
30 18 0 
30 26 0 
31 21 0 
31 25 0 
32 22 0 
32 26 0 
%% nnz, p, Max, CV
%%Number of nonzeros per processor(s)
98 2 50 5
50 48 0 
1 1 1 
1 2 1 
1 3 1 
1 4 1 
2 1 1 
2 2 1 
2 3 1 
2 4 1 
3 3 1 
3 4 1 
4 5 1 
4 6 1 
4 7 1 
4 8 1 
5 7 1 
5 8 1 
6 9 1 
6 10 1 
6 11 1 
6 12 1 
7 11 1 
7 12 1 
8 13 0 
8 14 0 
8 15 0 
8 16 0 
9 15 0 
9 16 0 
10 17 0 
10 18 0 
10 19 0 
10 20 0 
11 19 0 
11 20 0 
12 21 0 
12 22 0 
12 23 0 
12 24 0 
13 25 0 
13 29 0 
13 30 0 
13 31 0 
13 32 0 
14 26 0 
14 29 0 
14 30 0 
14 31 0 
14 32 0 
15 27 1 
15 29 1 
15 30 1 
15 31 1 
15 32 1 
16 28 0 
16 29 0 
16 30 0 
16 31 0 
16 32 0 
17 3 1 
17 7 1 
17 11 1 
17 31 1 
18 4 1 
18 8 1 
18 12 1 
18 32 1 
19 15 0 
19 19 0 
19 23 0 
19 27 1 
20 16 0 
20 20 0 
20 24 0 
20 28 0 
21 1 1 
21 5 1 
22 2 1 
22 6 1 
23 1 1 
23 9 1 
24 2 1 
24 10 1 
25 1 1 
25 29 1 
26 2 1 
26 30 1 
27 13 0 
27 25 0 
28 14 0 
28 26 0 
29 17 0 
29 25 0 
30 18 0 
30 26 0 
31 21 0 
31 25 0 
32 22 0 
32 26 0 
