0
  10  01  10  01  10  01  10  01  10  01  10  01  10  01  10  01  10  01  10  01  11  11  01  11  11  11  11  11  01  10  11  11  01  11  11  11  10  11  11  11  11  10  01  01  11  10  11  11  10  11 CV: 20 : 0   
1
  10  01  10  01  10  01  10  01  10  01  10  01  10  01  10  01  10  01  01  10  11  10  11  11  11  01  01  11  01  10  11  11  01  11  11  11  10  11  11  11  11  10  01  01  11  10  11  11  10  11 CV: 18 : 1   
5
  10  01  10  01  10  01  10  01  10  01  10  01  10  01  10  01  10  10  01  01  01  11  01  10  11  11  01  10  01  10  11  11  01  11  11  11  10  11  11  11  11  10  01  01  11  10  11  11  10  11 CV: 16 : 2   
30
  10  01  10  01  10  01  10  01  10  01  10  01  10  01  10  01  01  11  11  11  10  10  01  01  11  10  01  10  01  10  01  01  01  11  11  11  10  11  11  11  11  10  01  01  11  10  11  11  10  11 CV: 15 : 3   
48
  10  01  10  01  10  01  10  01  10  01  10  01  10  01  10  10  01  01  01  10  11  10  10  01  11  01  01  11  01  10  01  01  11  10  11  11  10  11  11  11  11  10  01  01  11  10  11  11  10  11 CV: 14 : 4   
111
  10  01  10  01  10  01  10  01  10  01  10  01  10  01  01  01  01  10  10  10  10  10  11  11  01  10  11  10  01  10  01  01  01  01  01  11  10  11  11  11  11  10  01  01  11  10  11  11  10  11 CV: 12 : 5   
264
  10  01  10  01  10  01  10  01  10  01  10  01  10  11  01  01  01  11  10  11  10  10  01  01  01  10  10  10  01  10  01  01  01  01  01  10  10  11  11  11  11  10  01  01  11  10  11  11  10  11 CV: 11 : 6   
610
  10  01  10  01  10  01  10  01  10  01  01  10  10  01  10  01  10  10  01  01  01  01  01  10  11  11  01  10  01  10  11  10  01  11  10  11  10  10  01  01  11  10  01  01  11  10  11  11  10  11 CV: 10 : 7   
842
  10  01  10  01  10  01  10  01  10  01  01  10  10  11  01  01  11  10  11  01  01  01  01  10  01  10  10  10  01  10  01  10  01  01  11  10  10  10  01  01  11  10  01  01  11  10  11  11  10  11 CV: 9 : 8   
85579
  10  01  10  01  01  01  01  01  10  10  10  01  10  10  01  10  01  01  10  10  10  10  10  01  01  11  10  01  11  11  01  01  10  11  01  10  10  11  10  11  10  10  01  01  01  01  01  11  10  11 CV: 8 : 9   
120350
  10  01  10  10  01  01  10  10  11  01  01  10  01  01  10  11  10  10  11  01  01  01  01  10  10  10  01  10  01  01  10  10  01  10  10  01  01  10  01  01  01  10  11  11  10  11  01  10  10  11 CV: 7 : 10   
141918
  10  01  10  10  10  10  01  01  10  10  01  10  10  01  01  01  10  01  01  01  01  01  01  11  01  01  01  01  10  10  10  10  01  01  11  11  10  10  11  01  10  10  10  01  01  11  10  10  10  11 CV: 6 : 11   
klein-b2

Number of Processors: 2  Value epsilon : 0.03
Max partition size: 30

Number of Partitions aborted: 402325
Time taken: 111.56sec

The best solution found so far is:  10 01 10 10 10 10 01 01 10 10 01 10 10 01 01 01 10 01 01 01 01 01 01 11 01 01 01 01 10 10 10 10 01 01 11 11 10 10 11 01 10 10 10 01 01 11 10 10 10 11 
With Comm. Vol:  6
0
  10  01  10  01  10  01  10  01  10  01  10  01  10  01  10  01  10  01  10  01  11  11  01  11  11  11  11  11  01  10  11  11  01  11  11  11  10  11  11  11  11  10  01  01  11  10  11  11  10  11 CV: 20 : 0   
1
  10  01  10  01  10  01  10  01  10  01  10  01  10  01  10  01  10  01  01  10  11  10  11  11  11  01  01  11  01  10  11  11  01  11  11  11  10  11  11  11  11  10  01  01  11  10  11  11  10  11 CV: 18 : 1   
5
  10  01  10  01  10  01  10  01  10  01  10  01  10  01  10  01  10  10  01  01  01  11  01  10  11  11  01  10  01  10  11  11  01  11  11  11  10  11  11  11  11  10  01  01  11  10  11  11  10  11 CV: 16 : 2   
30
  10  01  10  01  10  01  10  01  10  01  10  01  10  01  10  01  01  11  11  11  10  10  01  01  11  10  01  10  01  10  01  01  01  11  11  11  10  11  11  11  11  10  01  01  11  10  11  11  10  11 CV: 15 : 3   
48
  10  01  10  01  10  01  10  01  10  01  10  01  10  01  10  10  01  01  01  10  11  10  10  01  11  01  01  11  01  10  01  01  11  10  11  11  10  11  11  11  11  10  01  01  11  10  11  11  10  11 CV: 14 : 4   
111
  10  01  10  01  10  01  10  01  10  01  10  01  10  01  01  01  01  10  10  10  10  10  11  11  01  10  11  10  01  10  01  01  01  01  01  11  10  11  11  11  11  10  01  01  11  10  11  11  10  11 CV: 12 : 5   
264
  10  01  10  01  10  01  10  01  10  01  10  01  10  11  01  01  01  11  10  11  10  10  01  01  01  10  10  10  01  10  01  01  01  01  01  10  10  11  11  11  11  10  01  01  11  10  11  11  10  11 CV: 11 : 6   
610
  10  01  10  01  10  01  10  01  10  01  01  10  10  01  10  01  10  10  01  01  01  01  01  10  11  11  01  10  01  10  11  10  01  11  10  11  10  10  01  01  11  10  01  01  11  10  11  11  10  11 CV: 10 : 7   
842
  10  01  10  01  10  01  10  01  10  01  01  10  10  11  01  01  11  10  11  01  01  01  01  10  01  10  10  10  01  10  01  10  01  01  11  10  10  10  01  01  11  10  01  01  11  10  11  11  10  11 CV: 9 : 8   
85579
  10  01  10  01  01  01  01  01  10  10  10  01  10  10  01  10  01  01  10  10  10  10  10  01  01  11  10  01  11  11  01  01  10  11  01  10  10  11  10  11  10  10  01  01  01  01  01  11  10  11 CV: 8 : 9   
120350
  10  01  10  10  01  01  10  10  11  01  01  10  01  01  10  11  10  10  11  01  01  01  01  10  10  10  01  10  01  01  10  10  01  10  10  01  01  10  01  01  01  10  11  11  10  11  01  10  10  11 CV: 7 : 10   
141918
  10  01  10  10  10  10  01  01  10  10  01  10  10  01  01  01  10  01  01  01  01  01  01  11  01  01  01  01  10  10  10  10  01  01  11  11  10  10  11  01  10  10  10  01  01  11  10  10  10  11 CV: 6 : 11   
klein-b2

Number of Processors: 2  Value epsilon : 0.03
Max partition size: 30

Number of Partitions aborted: 402325
Time taken: 127.82sec

The best solution found so far is:  10 01 10 10 10 10 01 01 10 10 01 10 10 01 01 01 10 01 01 01 01 01 01 11 01 01 01 01 10 10 10 10 01 01 11 11 10 10 11 01 10 10 10 01 01 11 10 10 10 11 
With Comm. Vol:  6
0
  10  01  10  01  10  01  10  01  10  01  10  01  10  11  01  11  11  10  11  11  01  10  01  10  01  10  01  10  01  10  01  01  10  01  01  10  10  11  11  11  11  10  01  01  11  10  11  11  10  11 CV: 13 : 0   
7
  10  01  10  01  10  01  10  01  10  01  10  10  11  01  01  01  11  10  11  11  01  10  01  10  01  10  01  10  01  10  01  10  01  01  11  01  10  10  11  11  11  10  01  01  11  10  11  11  10  11 CV: 12 : 1   
25
  10  01  10  01  10  01  10  01  10  01  11  10  10  01  11  01  11  10  11  11  01  10  01  10  01  10  01  10  01  10  01  10  01  01  10  11  10  10  01  01  11  10  01  01  11  10  11  11  10  11 CV: 11 : 2   
4973
  10  01  10  01  10  10  01  01  10  10  10  10  11  01  01  01  11  11  01  11  01  10  01  10  01  01  01  01  10  10  01  10  01  01  11  01  10  10  10  11  10  10  11  01  01  11  10  11  10  11 CV: 10 : 3   
28151
  10  01  10  01  10  10  10  01  10  10  10  01  10  11  01  01  01  11  01  11  01  10  01  01  01  01  01  10  10  10  01  01  01  01  01  10  10  11  10  11  10  10  11  01  11  10  10  11  10  11 CV: 9 : 4   
44820
  10  01  10  10  01  10  01  11  10  10  10  10  01  01  11  01  11  01  01  11  01  10  01  01  10  01  01  01  10  01  10  10  01  01  10  01  11  10  10  11  10  10  10  01  01  01  11  10  10  11 CV: 8 : 5   
46510
  10  01  10  10  10  10  01  01  10  10  10  01  10  11  01  01  11  01  01  11  01  10  01  01  01  01  01  01  10  10  10  01  01  01  01  10  10  11  10  11  10  10  10  01  01  11  10  10  10  11 CV: 7 : 6   
96191
  10  01  10  10  10  10  01  01  10  10  01  10  11  01  01  01  10  11  01  01  01  01  01  10  01  01  01  01  10  10  10  10  01  01  11  01  10  10  11  01  10  10  10  01  01  11  10  10  10  11 CV: 6 : 7   
klein-b2

Number of Processors: 2  Value epsilon : 0.03
Max partition size: 30

Number of Partitions aborted: 941373
Time taken: 286.37sec

The best solution found so far is:  10 01 10 10 10 10 01 01 10 10 01 10 11 01 01 01 10 11 01 01 01 01 01 10 01 01 01 01 10 10 10 10 01 01 11 01 10 10 11 01 10 10 10 01 01 11 10 10 10 11 
With Comm. Vol:  6
