2280
  01  01  01  01  01  01  01  10  10  10  10  10  10  01  10  10  01  01  10  10  01  01  01  01  01  01  10  10  10  10  10  01  01  01  01  01  01  01  01  01  01  01  01  01  10  10  10  10  10  10  10  10  10  11  10  10  10  11  10  10  11  11  11  11 CV: 6 : 0   
2400
  01  01  01  01  01  01  01  10  10  10  10  10  10  10  01  10  01  01  11  10  01  01  01  01  01  01  10  10  10  10  10  10  01  01  01  01  01  01  01  01  01  01  01  01  10  10  10  10  10  10  10  10  10  10  10  10  10  10  01  10  11  11  11  11 CV: 5 : 1   
Hamrle1

Number of Processors: 2  Value epsilon : 0.03
Max partition size: 50

Number of Partitions aborted: 3809
Time taken: 2.589sec

The best solution found so far is:  01 01 01 01 01 01 01 10 10 10 10 10 10 10 01 10 01 01 11 10 01 01 01 01 01 01 10 10 10 10 10 10 01 01 01 01 01 01 01 01 01 01 01 01 10 10 10 10 10 10 10 10 10 10 10 10 10 10 01 10 11 11 11 11 
With Comm. Vol:  5
2280
  01  01  01  01  01  01  01  10  10  10  10  10  10  01  10  10  01  01  10  10  01  01  01  01  01  01  10  10  10  10  10  01  01  01  01  01  01  01  01  01  01  01  01  01  10  10  10  10  10  10  10  10  10  11  10  10  10  11  10  10  11  11  11  11 CV: 6 : 0   
2400
  01  01  01  01  01  01  01  10  10  10  10  10  10  10  01  10  01  01  11  10  01  01  01  01  01  01  10  10  10  10  10  10  01  01  01  01  01  01  01  01  01  01  01  01  10  10  10  10  10  10  10  10  10  10  10  10  10  10  01  10  11  11  11  11 CV: 5 : 1   
Hamrle1

Number of Processors: 2  Value epsilon : 0.03
Max partition size: 50

Number of Partitions aborted: 3809
Time taken: 3.345sec

The best solution found so far is:  01 01 01 01 01 01 01 10 10 10 10 10 10 10 01 10 01 01 11 10 01 01 01 01 01 01 10 10 10 10 10 10 01 01 01 01 01 01 01 01 01 01 01 01 10 10 10 10 10 10 10 10 10 10 10 10 10 10 01 10 11 11 11 11 
With Comm. Vol:  5
