0
  001  001  010  010  100  011  100  110  101  110  110  101  011  110  011  011  101  101  100  001  001  010  010  110  101  111  011 CV: 17 : 0   
5
  001  001  010  010  100  101  100  110  101  010  110  101  011  110  011  011  101  101  100  001  001  010  010  110  101  101  011 CV: 15 : 1   
49
  001  001  010  010  100  101  100  110  101  010  010  011  101  100  011  011  101  101  100  001  001  010  110  010  101  101  011 CV: 13 : 2   
335
  001  001  001  001  010  101  100  010  010  100  110  101  110  100  010  011  110  101  100  001  010  010  101  101  011  111  001 CV: 12 : 3   
457
  001  001  001  010  100  001  100  010  010  100  110  001  110  100  010  011  110  101  100  001  010  010  110  101  111  101  011 CV: 11 : 4   
590
  001  001  001  100  010  001  100  010  010  100  110  001  110  100  010  011  110  101  100  001  010  010  100  101  011  111  101 CV: 10 : 5   
5298
  001  001  100  100  001  001  101  010  010  100  010  011  110  100  010  011  110  101  100  001  010  010  100  110  011  001  101 CV: 9 : 6   
184194
  001  001  001  001  001  010  110  110  100  001  010  010  100  100  110  010  100  110  100  010  100  010  101  011  101  011  001 CV: 8 : 7   
568990
  001  001  010  010  001  100  100  001  001  010  010  010  100  100  001  010  100  100  100  110  101  011  110  010  001  101  011 CV: 6 : 8   
ch3-3-b1

Number of Processors: 3  Value epsilon : 0.03
Max partition size: 12

Number of Partitions aborted: 925034
Time taken: 245.86sec

The best solution found so far is:  001 001 010 010 001 100 100 001 001 010 010 010 100 100 001 010 100 100 100 110 101 011 110 010 001 101 011 
With Comm. Vol:  6
