%% nnz, p, Max, CV
%%Number of nonzeros per processor(s)
29 3 10 6
9 9 1 10 0 0 0 
1 2 0 
1 6 0 
2 4 3 
2 8 3 
3 1 1 
3 2 0 
3 4 1 
3 6 2 
3 8 1 
4 2 0 
5 2 0 
5 6 0 
6 2 0 
7 4 3 
7 8 3 
7 9 3 
8 2 0 
8 4 3 
8 11 3 
9 7 3 
9 8 3 
9 11 3 
10 1 1 
10 2 0 
10 3 1 
10 5 1 
11 3 1 
11 6 1 
11 8 1 
%% nnz, p, Max, CV
%%Number of nonzeros per processor(s)
29 3 10 6
9 9 1 10 0 0 0 
1 2 0 
1 6 0 
2 4 3 
2 8 3 
3 1 1 
3 2 0 
3 4 1 
3 6 2 
3 8 1 
4 2 0 
5 2 0 
5 6 0 
6 2 0 
7 4 3 
7 8 3 
7 9 3 
8 2 0 
8 4 3 
8 11 3 
9 7 3 
9 8 3 
9 11 3 
10 1 1 
10 2 0 
10 3 1 
10 5 1 
11 3 1 
11 6 1 
11 8 1 
%% nnz, p, Max, CV
%%Number of nonzeros per processor(s)
29 3 10 6
9 9 1 10 0 0 0 
1 2 0 
1 6 0 
2 4 3 
2 8 3 
3 1 1 
3 2 0 
3 4 1 
3 6 2 
3 8 1 
4 2 0 
5 2 0 
5 6 0 
6 2 0 
7 4 3 
7 8 3 
7 9 3 
8 2 0 
8 4 3 
8 11 3 
9 7 3 
9 8 3 
9 11 3 
10 1 1 
10 2 0 
10 3 1 
10 5 1 
11 3 1 
11 6 1 
11 8 1 
%% nnz, p, Max, CV
%%Number of nonzeros per processor(s)
29 3 10 6
9 9 1 10 0 0 0 
1 2 0 
1 6 0 
2 4 3 
2 8 3 
3 1 1 
3 2 0 
3 4 1 
3 6 2 
3 8 1 
4 2 0 
5 2 0 
5 6 0 
6 2 0 
7 4 3 
7 8 3 
7 9 3 
8 2 0 
8 4 3 
8 11 3 
9 7 3 
9 8 3 
9 11 3 
10 1 1 
10 2 0 
10 3 1 
10 5 1 
11 3 1 
11 6 1 
11 8 1 
%% nnz, p, Max, CV
%%Number of nonzeros per processor(s)
29 3 10 6
9 9 1 10 0 0 0 
1 2 0 
1 6 0 
2 4 3 
2 8 3 
3 1 1 
3 2 0 
3 4 1 
3 6 2 
3 8 1 
4 2 0 
5 2 0 
5 6 0 
6 2 0 
7 4 3 
7 8 3 
7 9 3 
8 2 0 
8 4 3 
8 11 3 
9 7 3 
9 8 3 
9 11 3 
10 1 1 
10 2 0 
10 3 1 
10 5 1 
11 3 1 
11 6 1 
11 8 1 
%% nnz, p, Max, CV
%%Number of nonzeros per processor(s)
29 3 10 6
9 9 1 10 0 0 0 
1 2 0 
1 6 0 
2 4 3 
2 8 3 
3 1 1 
3 2 0 
3 4 1 
3 6 2 
3 8 1 
4 2 0 
5 2 0 
5 6 0 
6 2 0 
7 4 3 
7 8 3 
7 9 3 
8 2 0 
8 4 3 
8 11 3 
9 7 3 
9 8 3 
9 11 3 
10 1 1 
10 2 0 
10 3 1 
10 5 1 
11 3 1 
11 6 1 
11 8 1 
