3694
  000  000  000  000  000  000  000  000  000  100  001  000  000  000  000  000  000  010  001  001  001  001  000  001  010  001  010  010  100  010  000  010  000  100  100  000  000  100  010  001  001  100  010  100  100  010  100  001  001  100  001  100  100  010  001  001  010  100  010  010  100  100  001  010  010  001  001  100  100  001  010  100  010  010  001  100  100  001  101  001  101  010  100  100  010  100  001  001  010  010  010  010  100  010  001  100  001  001  010  010  001  001  100  010  100  100  010  010  001  100  010  110  010  010  100  001  100  001  001  110  000  000  001  001  001  010  001  010  000  000  000  000  000  010  000  000  000  000  000  000  000  010  000  010  000  000  100  100  000  000  000  000  000  000  000  000  000  000  000  000  000  000  000  000  000  000  000  000  000  000  000  000  000  000  000  000  000  000  000  000  000  000  000  000  000  000  000  000  000  000  000  000  000  000  000  000  000  000  000  000  000  000  000  000  000  000  000  000  000  000  000  000  000  000  000  000  000  000  000  000  000  000 CV: 4 : 0   
GD96_b

Number of Processors: 3  Value epsilon : 0.03
Max partition size: 66

Number of Partitions aborted: 4060
Time taken: 5.347sec

The best solution found so far is:  000 000 000 000 000 000 000 000 000 100 001 000 000 000 000 000 000 010 001 001 001 001 000 001 010 001 010 010 100 010 000 010 000 100 100 000 000 100 010 001 001 100 010 100 100 010 100 001 001 100 001 100 100 010 001 001 010 100 010 010 100 100 001 010 010 001 001 100 100 001 010 100 010 010 001 100 100 001 101 001 101 010 100 100 010 100 001 001 010 010 010 010 100 010 001 100 001 001 010 010 001 001 100 010 100 100 010 010 001 100 010 110 010 010 100 001 100 001 001 110 000 000 001 001 001 010 001 010 000 000 000 000 000 010 000 000 000 000 000 000 000 010 000 010 000 000 100 100 000 000 000 000 000 000 000 000 000 000 000 000 000 000 000 000 000 000 000 000 000 000 000 000 000 000 000 000 000 000 000 000 000 000 000 000 000 000 000 000 000 000 000 000 000 000 000 000 000 000 000 000 000 000 000 000 000 000 000 000 000 000 000 000 000 000 000 000 000 000 000 000 000 000 
With Comm. Vol:  4
3694
  000  000  000  000  000  000  000  000  000  100  001  000  000  000  000  000  000  010  001  001  001  001  000  001  010  001  010  010  100  010  000  010  000  100  100  000  000  100  010  001  001  100  010  100  100  010  100  001  001  100  001  100  100  010  001  001  010  100  010  010  100  100  001  010  010  001  001  100  100  001  010  100  010  010  001  100  100  001  101  001  101  010  100  100  010  100  001  001  010  010  010  010  100  010  001  100  001  001  010  010  001  001  100  010  100  100  010  010  001  100  010  110  010  010  100  001  100  001  001  110  000  000  001  001  001  010  001  010  000  000  000  000  000  010  000  000  000  000  000  000  000  010  000  010  000  000  100  100  000  000  000  000  000  000  000  000  000  000  000  000  000  000  000  000  000  000  000  000  000  000  000  000  000  000  000  000  000  000  000  000  000  000  000  000  000  000  000  000  000  000  000  000  000  000  000  000  000  000  000  000  000  000  000  000  000  000  000  000  000  000  000  000  000  000  000  000  000  000  000  000  000  000 CV: 4 : 0   
GD96_b

Number of Processors: 3  Value epsilon : 0.03
Max partition size: 66

Number of Partitions aborted: 4060
Time taken: 4.4sec

The best solution found so far is:  000 000 000 000 000 000 000 000 000 100 001 000 000 000 000 000 000 010 001 001 001 001 000 001 010 001 010 010 100 010 000 010 000 100 100 000 000 100 010 001 001 100 010 100 100 010 100 001 001 100 001 100 100 010 001 001 010 100 010 010 100 100 001 010 010 001 001 100 100 001 010 100 010 010 001 100 100 001 101 001 101 010 100 100 010 100 001 001 010 010 010 010 100 010 001 100 001 001 010 010 001 001 100 010 100 100 010 010 001 100 010 110 010 010 100 001 100 001 001 110 000 000 001 001 001 010 001 010 000 000 000 000 000 010 000 000 000 000 000 000 000 010 000 010 000 000 100 100 000 000 000 000 000 000 000 000 000 000 000 000 000 000 000 000 000 000 000 000 000 000 000 000 000 000 000 000 000 000 000 000 000 000 000 000 000 000 000 000 000 000 000 000 000 000 000 000 000 000 000 000 000 000 000 000 000 000 000 000 000 000 000 000 000 000 000 000 000 000 000 000 000 000 
With Comm. Vol:  4
