0
  100  001  011  010  101  111  001  001  001  010  010  100  100  100  001  010  010  010  010  100  001  001  100  100 CV: 4 : 0   
3
  100  001  011  100  011  011  001  001  001  100  010  010  010  010  001  100  100  010  010  100  001  001  100  100 CV: 3 : 1   
11
  100  001  011  100  010  011  001  001  010  100  001  010  010  010  001  100  100  010  010  100  001  001  100  100 CV: 2 : 2   
23
  100  001  001  100  010  010  001  010  010  100  010  010  010  010  001  100  100  001  001  100  001  001  100  100 CV: 0 : 3   
ch3-3-b2

Number of Processors: 3  Value epsilon : 0.03
Max partition size: 6

Number of Partitions aborted: 46
Time taken: 0.079sec

The best solution found so far is:  100 001 001 100 010 010 001 010 010 100 010 010 010 010 001 100 100 001 001 100 001 001 100 100 
With Comm. Vol:  0
