0
  100  001  010  010  011  101  101  001  101  110  110  011  110  110 CV: 9 : 0   
0
  100  001  010  010  101  011  101  001  101  110  110  101  010  110 CV: 8 : 1   
3
  100  001  010  100  011  011  011  001  101  110  100  011  010  110 CV: 7 : 2   
24
  100  010  010  100  001  001  011  001  110  110  100  011  011  110 CV: 6 : 3   
24
  100  010  010  100  001  011  001  001  110  110  100  011  010  101 CV: 5 : 4   
3432
  110  001  010  100  001  010  101  011  101  010  100  001  010  100 CV: 4 : 5   
b1_ss

Number of Processors: 3  Value epsilon : 0.03
Max partition size: 5

Number of Partitions aborted: 4637
Time taken: 21.614sec

The best solution found so far is:  110 001 010 100 001 010 101 011 101 010 100 001 010 100 
With Comm. Vol:  4
