430982
  011  100  011  010  100  001  001  010  111  010  010  010  010  001  100  100  100  100  001  001  010  010  001  101  100  100  100  001  001  001  100  001  010  100  001  001  010  001  010  010  010  010  001  100  100  100  100  001  001  010  010  001  001  100  100  100  001  001  010  010  010  010  010  010  010  010  010  001  101  001  001  001  001  100  100  100  100  100  100  100  100  100  100  100  001  001  001  001  001  100  001 CV: 6 : 0   
refine

Number of Processors: 3  Value epsilon : 0.03
Max partition size: 52

Number of Partitions aborted: 444212
Time taken: 184.24sec

The best solution found so far is:  011 100 011 010 100 001 001 010 111 010 010 010 010 001 100 100 100 100 001 001 010 010 001 101 100 100 100 001 001 001 100 001 010 100 001 001 010 001 010 010 010 010 001 100 100 100 100 001 001 010 010 001 001 100 100 100 001 001 010 010 010 010 010 010 010 010 010 001 101 001 001 001 001 100 100 100 100 100 100 100 100 100 100 100 001 001 001 001 001 100 001 
With Comm. Vol:  6
430982
  011  100  011  010  100  001  001  010  111  010  010  010  010  001  100  100  100  100  001  001  010  010  001  101  100  100  100  001  001  001  100  001  010  100  001  001  010  001  010  010  010  010  001  100  100  100  100  001  001  010  010  001  001  100  100  100  001  001  010  010  010  010  010  010  010  010  010  001  101  001  001  001  001  100  100  100  100  100  100  100  100  100  100  100  001  001  001  001  001  100  001 CV: 6 : 0   
refine

Number of Processors: 3  Value epsilon : 0.03
Max partition size: 52

Number of Partitions aborted: 444212
Time taken: 182.64sec

The best solution found so far is:  011 100 011 010 100 001 001 010 111 010 010 010 010 001 100 100 100 100 001 001 010 010 001 101 100 100 100 001 001 001 100 001 010 100 001 001 010 001 010 010 010 010 001 100 100 100 100 001 001 010 010 001 001 100 100 100 001 001 010 010 010 010 010 010 010 010 010 001 101 001 001 001 001 100 100 100 100 100 100 100 100 100 100 100 001 001 001 001 001 100 001 
With Comm. Vol:  6
431006
  011  100  011  010  100  001  001  010  111  010  010  010  010  001  100  100  100  100  001  001  010  010  001  101  100  100  100  001  001  001  100  001  010  100  001  001  010  001  010  010  010  010  001  100  100  100  100  001  001  010  010  001  001  100  100  100  001  001  010  010  010  010  010  010  010  010  010  001  101  001  001  001  001  100  100  100  100  100  100  100  100  100  100  100  001  001  001  001  001  100  001 CV: 6 : 0   
refine

Number of Processors: 3  Value epsilon : 0.03
Max partition size: 52

Number of Partitions aborted: 444236
Time taken: 215.1sec

The best solution found so far is:  011 100 011 010 100 001 001 010 111 010 010 010 010 001 100 100 100 100 001 001 010 010 001 101 100 100 100 001 001 001 100 001 010 100 001 001 010 001 010 010 010 010 001 100 100 100 100 001 001 010 010 001 001 100 100 100 001 001 010 010 010 010 010 010 010 010 010 001 101 001 001 001 001 100 100 100 100 100 100 100 100 100 100 100 001 001 001 001 001 100 001 
With Comm. Vol:  6
