%% nnz, p, Max, CV
%%Number of nonzeros per processor(s)
120 3 41 2
40 40 0 40 0 0 0 
1 21 0 
1 40 0 
1 57 0 
1 72 0 
1 85 0 
1 96 0 
1 105 0 
1 112 0 
1 117 0 
1 118 0 
1 119 0 
1 120 0 
2 16 1 
2 35 1 
2 52 1 
2 67 1 
2 80 1 
2 91 1 
2 100 1 
2 107 1 
2 113 1 
2 114 1 
2 115 1 
2 116 1 
3 14 3 
3 33 3 
3 50 3 
3 65 3 
3 78 3 
3 88 3 
3 98 3 
3 106 3 
3 108 3 
3 109 3 
3 110 3 
3 111 3 
4 12 0 
4 31 0 
4 47 0 
4 63 0 
4 75 0 
4 86 0 
4 97 0 
4 99 0 
4 101 0 
4 102 0 
4 103 0 
4 104 0 
5 10 1 
5 29 1 
5 46 1 
5 61 1 
5 74 1 
5 87 1 
5 89 1 
5 90 1 
5 92 1 
5 93 1 
5 94 1 
5 95 1 
6 8 3 
6 27 3 
6 44 3 
6 59 3 
6 73 3 
6 76 3 
6 77 3 
6 79 3 
6 81 3 
6 82 3 
6 83 3 
6 84 3 
7 6 0 
7 25 0 
7 41 0 
7 58 0 
7 60 0 
7 62 0 
7 64 0 
7 66 0 
7 68 0 
7 69 0 
7 70 0 
7 71 0 
8 4 1 
8 23 1 
8 42 1 
8 43 1 
8 45 1 
8 48 1 
8 49 1 
8 51 1 
8 53 1 
8 54 1 
8 55 1 
8 56 1 
9 2 3 
9 22 3 
9 24 3 
9 26 3 
9 28 3 
9 30 3 
9 32 3 
9 34 3 
9 36 3 
9 37 3 
9 38 3 
9 39 3 
10 1 0 
10 3 1 
10 5 3 
10 7 0 
10 9 1 
10 11 3 
10 13 0 
10 15 1 
10 17 3 
10 18 0 
10 19 1 
10 20 3 
