0
  110  110  011  011  100  100  101  001  111  111  110  111  011  100  101  101  111  101 CV: 18 : 0   
111
  110  111  011  011  100  100  101  011  111  110  110  101  011  100  101  101  110  101 CV: 17 : 1   
4128
  110  111  011  011  100  100  111  011  101  110  110  110  010  100  101  101  101  101 CV: 16 : 2   
19256
  101  101  011  010  100  101  101  011  110  110  101  011  011  100  101  110  011  110 CV: 15 : 3   
30434
  110  101  011  010  100  101  110  011  101  110  101  011  010  100  101  110  011  101 CV: 14 : 4   
225889
  110  110  011  110  100  011  011  110  001  100  110  010  010  101  101  101  011  101 CV: 13 : 5   
4258745
  100  101  001  101  110  011  011  110  010  100  101  001  101  110  011  011  110  010 CV: 12 : 6   
cage4

Number of Processors: 3  Value epsilon : 0.03
Max partition size: 17

Number of Partitions aborted: 5534306
Time taken: 1599.9sec

The best solution found so far is:  100 101 001 101 110 011 011 110 010 100 101 001 101 110 011 011 110 010 
With Comm. Vol:  12
