201316
  001  100  100  001  001  001  001  100  010  001  001  010  100  100  010  100  010  010  100  100  001  100  001  010  010  001  100  010  010  010  110  010  011  101  011  101  100  110  011  101 CV: 8 : 0   
klein-b1

Number of Processors: 3  Value epsilon : 0.03
Max partition size: 20

Number of Partitions aborted: 245684
Time taken: 82.885sec

The best solution found so far is:  001 100 100 001 001 001 001 100 010 001 001 010 100 100 010 100 010 010 100 100 001 100 001 010 010 001 100 010 010 010 110 010 011 101 011 101 100 110 011 101 
With Comm. Vol:  8
201316
  001  100  100  001  001  001  001  100  010  001  001  010  100  100  010  100  010  010  100  100  001  100  001  010  010  001  100  010  010  010  110  010  011  101  011  101  100  110  011  101 CV: 8 : 0   
klein-b1

Number of Processors: 3  Value epsilon : 0.03
Max partition size: 20

Number of Partitions aborted: 245684
Time taken: 87.574sec

The best solution found so far is:  001 100 100 001 001 001 001 100 010 001 001 010 100 100 010 100 010 010 100 100 001 100 001 010 010 001 100 010 010 010 110 010 011 101 011 101 100 110 011 101 
With Comm. Vol:  8
201316
  001  100  100  001  001  001  001  100  010  001  001  010  100  100  010  100  010  010  100  100  001  100  001  010  010  001  100  010  010  010  110  010  011  101  011  101  100  110  011  101 CV: 8 : 0   
klein-b1

Number of Processors: 3  Value epsilon : 0.03
Max partition size: 20

Number of Partitions aborted: 245684
Time taken: 87.391sec

The best solution found so far is:  001 100 100 001 001 001 001 100 010 001 001 010 100 100 010 100 010 010 100 100 001 100 001 010 010 001 100 010 010 010 110 010 011 101 011 101 100 110 011 101 
With Comm. Vol:  8
202969
  001  100  100  001  001  001  001  100  010  001  001  010  100  100  010  100  010  010  100  100  001  100  001  010  010  001  100  010  010  010  110  010  011  101  011  101  100  110  011  101 CV: 8 : 0   
klein-b1

Number of Processors: 3  Value epsilon : 0.03
Max partition size: 20

Number of Partitions aborted: 247397
Time taken: 84.208sec

The best solution found so far is:  001 100 100 001 001 001 001 100 010 001 001 010 100 100 010 100 010 010 100 100 001 100 001 010 010 001 100 010 010 010 110 010 011 101 011 101 100 110 011 101 
With Comm. Vol:  8
202969
  001  100  100  001  001  001  001  100  010  001  001  010  100  100  010  100  010  010  100  100  001  100  001  010  010  001  100  010  010  010  110  010  011  101  011  101  100  110  011  101 CV: 8 : 0   
klein-b1

Number of Processors: 3  Value epsilon : 0.03
Max partition size: 20

Number of Partitions aborted: 247397
Time taken: 85.128sec

The best solution found so far is:  001 100 100 001 001 001 001 100 010 001 001 010 100 100 010 100 010 010 100 100 001 100 001 010 010 001 100 010 010 010 110 010 011 101 011 101 100 110 011 101 
With Comm. Vol:  8
202969
  001  100  100  001  001  001  001  100  010  001  001  010  100  100  010  100  010  010  100  100  001  100  001  010  010  001  100  010  010  010  110  010  011  101  011  101  100  110  011  101 CV: 8 : 0   
klein-b1

Number of Processors: 3  Value epsilon : 0.03
Max partition size: 20

Number of Partitions aborted: 247397
Time taken: 83.671sec

The best solution found so far is:  001 100 100 001 001 001 001 100 010 001 001 010 100 100 010 100 010 010 100 100 001 100 001 010 010 001 100 010 010 010 110 010 011 101 011 101 100 110 011 101 
With Comm. Vol:  8
201361
  001  100  100  001  001  001  001  100  010  001  001  010  100  100  010  100  010  010  100  100  001  100  001  010  010  001  100  010  010  010  110  010  011  101  011  101  100  110  011  101 CV: 8 : 0   
klein-b1

Number of Processors: 3  Value epsilon : 0.03
Max partition size: 20

Number of Partitions aborted: 245237
Time taken: 93.358sec

The best solution found so far is:  001 100 100 001 001 001 001 100 010 001 001 010 100 100 010 100 010 010 100 100 001 100 001 010 010 001 100 010 010 010 110 010 011 101 011 101 100 110 011 101 
With Comm. Vol:  8
