%% nnz, p, Max, CV
%%Number of nonzeros per processor(s)
407 3 140 3
138 140 0 129 0 0 0 
1 1 0 
1 111 0 
1 112 0 
2 2 1 
2 112 1 
2 113 1 
3 3 1 
3 113 1 
3 114 1 
4 4 0 
4 114 0 
4 115 0 
5 5 0 
5 115 0 
5 116 0 
6 6 0 
6 116 0 
6 117 0 
7 7 0 
7 117 0 
7 118 0 
8 8 0 
8 118 0 
8 119 0 
9 9 0 
9 119 0 
9 120 0 
10 10 1 
10 121 1 
10 122 1 
11 11 1 
11 122 1 
11 123 1 
12 12 1 
12 123 1 
12 124 1 
13 13 1 
13 124 1 
13 125 1 
14 14 1 
14 125 1 
14 126 1 
15 15 1 
15 126 1 
15 127 1 
16 16 1 
16 127 1 
16 128 1 
17 17 1 
17 128 1 
17 129 1 
18 18 1 
18 129 1 
18 130 1 
19 19 3 
19 131 3 
19 132 3 
20 20 3 
20 132 3 
20 133 3 
21 21 3 
21 133 3 
21 134 3 
22 22 3 
22 134 3 
22 135 3 
23 23 3 
23 135 3 
23 136 3 
24 24 3 
24 136 3 
24 137 3 
25 25 3 
25 137 3 
25 138 3 
26 26 3 
26 138 3 
26 139 3 
27 27 3 
27 139 3 
27 140 3 
28 28 0 
28 141 0 
28 142 0 
29 29 0 
29 142 0 
29 143 0 
30 30 0 
30 143 0 
30 144 0 
31 31 0 
31 144 0 
31 145 0 
32 32 0 
32 145 0 
32 146 0 
33 33 0 
33 146 0 
33 147 0 
34 34 0 
34 147 0 
34 148 0 
35 35 0 
35 148 0 
35 149 0 
36 36 0 
36 149 0 
36 150 0 
37 37 1 
37 151 1 
37 152 1 
38 38 1 
38 152 1 
38 153 1 
39 39 1 
39 153 1 
39 154 1 
40 40 1 
40 154 1 
40 155 1 
41 41 1 
41 155 1 
41 156 1 
42 42 1 
42 156 1 
42 157 1 
43 43 1 
43 157 1 
43 158 1 
44 44 1 
44 158 1 
44 159 1 
45 45 1 
45 159 1 
45 160 1 
46 46 3 
46 161 3 
46 162 3 
47 47 3 
47 162 3 
47 163 3 
48 48 3 
48 163 3 
48 164 3 
49 49 3 
49 164 3 
49 165 3 
50 50 3 
50 165 3 
50 166 3 
51 51 3 
51 166 3 
51 167 3 
52 52 3 
52 167 3 
52 168 3 
53 53 3 
53 168 3 
53 169 3 
54 54 3 
54 169 3 
54 170 3 
55 55 0 
55 111 0 
55 112 0 
56 56 1 
56 112 1 
56 113 1 
57 57 1 
57 113 1 
57 114 1 
58 58 0 
58 114 0 
58 115 0 
59 59 0 
59 115 0 
59 116 0 
60 60 0 
60 116 0 
60 117 0 
61 61 0 
61 117 0 
61 118 0 
62 62 0 
62 118 0 
62 119 0 
63 63 0 
63 119 0 
63 120 0 
64 64 1 
64 121 1 
64 122 1 
65 65 1 
65 122 1 
65 123 1 
66 66 1 
66 123 1 
66 124 1 
67 67 1 
67 124 1 
67 125 1 
68 68 1 
68 125 1 
68 126 1 
69 69 1 
69 126 1 
69 127 1 
70 70 1 
70 127 1 
70 128 1 
71 71 1 
71 128 1 
71 129 1 
72 72 1 
72 129 1 
72 130 1 
73 73 3 
73 131 3 
73 132 3 
74 74 3 
74 132 3 
74 133 3 
75 75 3 
75 133 3 
75 134 3 
76 76 3 
76 134 3 
76 135 3 
77 77 3 
77 135 3 
77 136 3 
78 78 3 
78 136 3 
78 137 3 
79 79 3 
79 137 3 
79 138 3 
80 80 3 
80 138 3 
80 139 3 
81 81 3 
81 139 3 
81 140 3 
82 82 0 
82 141 0 
82 142 0 
83 83 0 
83 142 0 
83 143 0 
84 84 0 
84 143 0 
84 144 0 
85 85 0 
85 144 0 
85 145 0 
86 86 0 
86 145 0 
86 146 0 
87 87 0 
87 146 0 
87 147 0 
88 88 0 
88 147 0 
88 148 0 
89 89 0 
89 148 0 
89 149 0 
90 90 0 
90 149 0 
90 150 0 
91 91 1 
91 151 1 
91 152 1 
92 92 1 
92 152 1 
92 153 1 
93 93 1 
93 153 1 
93 154 1 
94 94 1 
94 154 1 
94 155 1 
95 95 1 
95 155 1 
95 156 1 
96 96 1 
96 156 1 
96 157 1 
97 97 1 
97 157 1 
97 158 1 
98 98 1 
98 158 1 
98 159 1 
99 99 1 
99 159 1 
99 160 1 
100 100 3 
100 161 3 
100 162 3 
101 101 3 
101 162 3 
101 163 3 
102 102 3 
102 163 3 
102 164 3 
103 103 3 
103 164 3 
103 165 3 
104 104 3 
104 165 3 
104 166 3 
105 105 3 
105 166 3 
105 167 3 
106 106 3 
106 167 3 
106 168 3 
107 107 3 
107 168 3 
107 169 3 
108 108 3 
108 169 3 
108 170 3 
109 111 0 
109 112 0 
109 113 0 
109 114 0 
109 115 0 
109 116 0 
109 117 0 
109 118 0 
109 119 0 
109 120 0 
109 141 0 
109 142 0 
109 143 0 
109 144 0 
109 145 0 
109 146 0 
109 147 0 
109 148 0 
109 149 0 
109 150 0 
110 121 1 
110 122 1 
110 123 1 
110 124 1 
110 125 1 
110 126 1 
110 127 1 
110 128 1 
110 129 1 
110 130 1 
110 151 1 
110 152 1 
110 153 1 
110 154 1 
110 155 1 
110 156 1 
110 157 1 
110 158 1 
110 159 1 
110 160 1 
111 131 3 
111 132 3 
111 133 3 
111 134 3 
111 135 3 
111 136 3 
111 137 3 
111 138 3 
111 139 3 
111 140 3 
111 161 3 
111 162 3 
111 163 3 
111 164 3 
111 165 3 
111 166 3 
111 167 3 
111 168 3 
111 169 3 
111 170 3 
112 109 0 
112 141 0 
112 142 0 
112 143 0 
112 144 0 
112 145 0 
112 146 0 
112 147 0 
112 148 0 
112 149 0 
112 150 0 
113 110 0 
113 141 0 
113 142 0 
113 143 0 
113 144 0 
113 145 0 
113 146 0 
113 147 0 
113 148 0 
113 149 0 
113 150 0 
114 171 3 
