0
  110  101  011  111  111  111  111  100  101  100  101  101  110  111  111  111  101  111 CV: 24 : 0   
164
  101  110  010  111  111  111  111  100  101  100  111  110  101  101  111  111  101  111 CV: 23 : 1   
203
  101  111  011  110  110  110  111  100  101  100  101  110  111  111  111  101  101  101 CV: 21 : 2   
241
  101  101  001  110  110  110  110  100  101  100  101  111  110  111  111  101  101  101 CV: 18 : 3   
2074
  100  001  100  011  011  011  110  100  001  101  101  111  111  111  111  101  101  101 CV: 17 : 4   
9831
  100  001  100  011  011  011  011  100  011  101  111  101  110  110  110  101  110  101 CV: 15 : 5   
9899
  001  001  100  011  011  110  110  100  011  101  101  101  110  110  110  101  110  101 CV: 14 : 6   
141863
  100  001  001  010  010  011  100  100  011  111  101  111  110  110  110  101  101  101 CV: 13 : 7   
145703
  001  001  001  010  010  010  110  100  101  111  101  111  110  110  110  101  100  101 CV: 12 : 8   
285269
  001  001  001  010  010  010  101  110  101  011  101  011  110  110  110  101  100  101 CV: 11 : 9   
285576
  110  101  110  001  001  010  010  110  101  011  100  011  011  011  011  100  100  100 CV: 10 : 10   
jgl009

Number of Processors: 3  Value epsilon : 0.03
Max partition size: 17

Number of Partitions aborted: 448576
Time taken: 141.27sec

The best solution found so far is:  110 101 110 001 001 010 010 110 101 011 100 011 011 011 011 100 100 100 
With Comm. Vol:  10
