%% nnz, p, Max, CV
%%Number of nonzeros per processor(s)
153 3 52 6
50 52 0 50 1 0 0 
1 1 3 
1 30 1 
1 35 1 
1 39 3 
1 44 3 
2 2 0 
2 40 0 
2 45 0 
2 47 0 
2 50 0 
3 3 3 
3 31 1 
3 36 1 
3 43 3 
3 62 3 
4 4 1 
4 32 1 
4 37 1 
5 5 0 
5 46 0 
5 49 0 
5 51 0 
5 52 0 
5 53 0 
6 6 3 
6 57 3 
6 59 3 
7 7 3 
7 58 3 
7 60 3 
8 8 1 
8 34 1 
8 38 1 
9 9 3 
9 30 1 
9 31 1 
9 32 1 
9 33 1 
9 34 1 
9 35 1 
9 36 1 
9 37 1 
9 38 1 
9 39 3 
9 40 4 
9 41 3 
9 42 3 
9 43 3 
9 44 3 
9 45 0 
9 46 0 
9 47 0 
9 48 0 
9 49 0 
9 50 0 
9 51 0 
9 52 0 
9 53 0 
9 54 0 
9 55 0 
9 56 3 
9 57 3 
9 58 3 
9 59 3 
10 10 1 
10 30 1 
10 31 1 
10 32 1 
10 33 1 
10 34 1 
11 11 1 
11 35 1 
11 36 1 
11 37 1 
11 38 1 
12 12 1 
12 30 1 
12 31 1 
12 32 1 
12 33 1 
12 34 1 
13 13 1 
13 35 1 
13 36 1 
13 37 1 
13 38 1 
14 14 3 
14 39 3 
14 40 3 
14 41 3 
14 42 3 
14 43 3 
15 15 0 
15 45 0 
15 46 0 
15 61 0 
16 16 0 
16 47 0 
16 48 0 
16 49 0 
17 17 0 
17 50 0 
17 51 0 
18 18 0 
18 53 0 
18 54 0 
18 55 0 
19 19 3 
19 56 3 
19 57 3 
19 58 3 
20 20 3 
20 59 3 
20 60 3 
21 21 1 
21 30 1 
21 31 1 
21 32 1 
21 33 1 
21 34 1 
22 22 1 
22 35 1 
22 36 1 
22 37 1 
22 38 1 
23 23 3 
23 39 3 
23 40 3 
23 41 3 
23 42 3 
23 43 3 
24 24 3 
24 44 3 
24 45 0 
24 46 0 
25 25 0 
25 47 0 
25 48 0 
25 49 0 
26 26 0 
26 50 0 
26 51 0 
27 27 0 
27 53 0 
27 54 0 
27 55 0 
28 28 3 
28 56 3 
28 57 3 
28 58 3 
29 29 3 
29 59 3 
29 60 3 
%% nnz, p, Max, CV
%%Number of nonzeros per processor(s)
153 3 52 6
50 52 0 50 1 0 0 
1 1 3 
1 30 1 
1 35 1 
1 39 3 
1 44 3 
2 2 0 
2 40 0 
2 45 0 
2 47 0 
2 50 0 
3 3 3 
3 31 1 
3 36 1 
3 43 3 
3 62 3 
4 4 1 
4 32 1 
4 37 1 
5 5 0 
5 46 0 
5 49 0 
5 51 0 
5 52 0 
5 53 0 
6 6 3 
6 57 3 
6 59 3 
7 7 3 
7 58 3 
7 60 3 
8 8 1 
8 34 1 
8 38 1 
9 9 3 
9 30 1 
9 31 1 
9 32 1 
9 33 1 
9 34 1 
9 35 1 
9 36 1 
9 37 1 
9 38 1 
9 39 3 
9 40 4 
9 41 3 
9 42 3 
9 43 3 
9 44 3 
9 45 0 
9 46 0 
9 47 0 
9 48 0 
9 49 0 
9 50 0 
9 51 0 
9 52 0 
9 53 0 
9 54 0 
9 55 0 
9 56 3 
9 57 3 
9 58 3 
9 59 3 
10 10 1 
10 30 1 
10 31 1 
10 32 1 
10 33 1 
10 34 1 
11 11 1 
11 35 1 
11 36 1 
11 37 1 
11 38 1 
12 12 1 
12 30 1 
12 31 1 
12 32 1 
12 33 1 
12 34 1 
13 13 1 
13 35 1 
13 36 1 
13 37 1 
13 38 1 
14 14 3 
14 39 3 
14 40 3 
14 41 3 
14 42 3 
14 43 3 
15 15 0 
15 45 0 
15 46 0 
15 61 0 
16 16 0 
16 47 0 
16 48 0 
16 49 0 
17 17 0 
17 50 0 
17 51 0 
18 18 0 
18 53 0 
18 54 0 
18 55 0 
19 19 3 
19 56 3 
19 57 3 
19 58 3 
20 20 3 
20 59 3 
20 60 3 
21 21 1 
21 30 1 
21 31 1 
21 32 1 
21 33 1 
21 34 1 
22 22 1 
22 35 1 
22 36 1 
22 37 1 
22 38 1 
23 23 3 
23 39 3 
23 40 3 
23 41 3 
23 42 3 
23 43 3 
24 24 3 
24 44 3 
24 45 0 
24 46 0 
25 25 0 
25 47 0 
25 48 0 
25 49 0 
26 26 0 
26 50 0 
26 51 0 
27 27 0 
27 53 0 
27 54 0 
27 55 0 
28 28 3 
28 56 3 
28 57 3 
28 58 3 
29 29 3 
29 59 3 
29 60 3 
%% nnz, p, Max, CV
%%Number of nonzeros per processor(s)
153 3 52 6
50 52 0 50 1 0 0 
1 1 3 
1 30 1 
1 35 1 
1 39 3 
1 44 3 
2 2 0 
2 40 0 
2 45 0 
2 47 0 
2 50 0 
3 3 3 
3 31 1 
3 36 1 
3 43 3 
3 62 3 
4 4 1 
4 32 1 
4 37 1 
5 5 0 
5 46 0 
5 49 0 
5 51 0 
5 52 0 
5 53 0 
6 6 3 
6 57 3 
6 59 3 
7 7 3 
7 58 3 
7 60 3 
8 8 1 
8 34 1 
8 38 1 
9 9 3 
9 30 1 
9 31 1 
9 32 1 
9 33 1 
9 34 1 
9 35 1 
9 36 1 
9 37 1 
9 38 1 
9 39 3 
9 40 4 
9 41 3 
9 42 3 
9 43 3 
9 44 3 
9 45 0 
9 46 0 
9 47 0 
9 48 0 
9 49 0 
9 50 0 
9 51 0 
9 52 0 
9 53 0 
9 54 0 
9 55 0 
9 56 3 
9 57 3 
9 58 3 
9 59 3 
10 10 1 
10 30 1 
10 31 1 
10 32 1 
10 33 1 
10 34 1 
11 11 1 
11 35 1 
11 36 1 
11 37 1 
11 38 1 
12 12 1 
12 30 1 
12 31 1 
12 32 1 
12 33 1 
12 34 1 
13 13 1 
13 35 1 
13 36 1 
13 37 1 
13 38 1 
14 14 3 
14 39 3 
14 40 3 
14 41 3 
14 42 3 
14 43 3 
15 15 0 
15 45 0 
15 46 0 
15 61 0 
16 16 0 
16 47 0 
16 48 0 
16 49 0 
17 17 0 
17 50 0 
17 51 0 
18 18 0 
18 53 0 
18 54 0 
18 55 0 
19 19 3 
19 56 3 
19 57 3 
19 58 3 
20 20 3 
20 59 3 
20 60 3 
21 21 1 
21 30 1 
21 31 1 
21 32 1 
21 33 1 
21 34 1 
22 22 1 
22 35 1 
22 36 1 
22 37 1 
22 38 1 
23 23 3 
23 39 3 
23 40 3 
23 41 3 
23 42 3 
23 43 3 
24 24 3 
24 44 3 
24 45 0 
24 46 0 
25 25 0 
25 47 0 
25 48 0 
25 49 0 
26 26 0 
26 50 0 
26 51 0 
27 27 0 
27 53 0 
27 54 0 
27 55 0 
28 28 3 
28 56 3 
28 57 3 
28 58 3 
29 29 3 
29 59 3 
29 60 3 
