817304
  010  110  010  001  010  010  011  110  011  001  101  100  001  000  001  100  100  001  001  000  101  010  011  001  101  110  000  000  001  010  010  001  010  100  001  010  010  000  100  000  000  010  001  110  001  011 CV: 11 : 0   
857413
  010  110  010  001  010  010  011  110  011  001  101  100  001  000  001  100  100  001  001  000  101  010  011  001  101  100  000  000  001  010  010  001  010  100  001  010  010  000  100  000  000  010  001  110  001  011 CV: 10 : 1   
1164682
  010  010  010  001  010  011  011  011  001  100  100  010  001  000  001  010  100  100  001  000  100  100  101  100  101  110  000  000  001  010  001  001  001  110  100  010  001  000  010  000  000  001  100  110  100  101 CV: 9 : 2   
Ragusa18

Number of Processors: 3  Value epsilon : 0.03
Max partition size: 22

Number of Partitions aborted: 1600851
Time taken: 532.04sec

The best solution found so far is:  010 010 010 001 010 011 011 011 001 100 100 010 001 000 001 010 100 100 001 000 100 100 101 100 101 110 000 000 001 010 001 001 001 110 100 010 001 000 010 000 000 001 100 110 100 101 
With Comm. Vol:  9
849682
  010  110  010  001  010  010  011  110  011  001  101  100  001  000  001  100  100  001  001  000  101  010  011  001  101  110  000  000  001  010  010  001  010  100  001  010  010  000  100  000  000  010  001  110  001  011 CV: 11 : 0   
891159
  010  110  010  001  010  010  011  110  011  001  101  100  001  000  001  100  100  001  001  000  101  010  011  001  101  100  000  000  001  010  010  001  010  100  001  010  010  000  100  000  000  010  001  110  001  011 CV: 10 : 1   
1201149
  010  010  010  001  010  011  011  011  001  100  100  010  001  000  001  010  100  100  001  000  100  100  101  100  101  110  000  000  001  010  001  001  001  110  100  010  001  000  010  000  000  001  100  110  100  101 CV: 9 : 2   
849682
  010  110  010  001  010  010  011  110  011  001  101  100  001  000  001  100  100  001  001  000  101  010  011  001  101  110  000  000  001  010  010  001  010  100  001  010  010  000  100  000  000  010  001  110  001  011 CV: 11 : 0   
891159
  010  110  010  001  010  010  011  110  011  001  101  100  001  000  001  100  100  001  001  000  101  010  011  001  101  100  000  000  001  010  010  001  010  100  001  010  010  000  100  000  000  010  001  110  001  011 CV: 10 : 1   
1201149
  010  010  010  001  010  011  011  011  001  100  100  010  001  000  001  010  100  100  001  000  100  100  101  100  101  110  000  000  001  010  001  001  001  110  100  010  001  000  010  000  000  001  100  110  100  101 CV: 9 : 2   
Ragusa18

Number of Processors: 3  Value epsilon : 0.03
Max partition size: 22

Number of Partitions aborted: 1648889
Time taken: 587.12sec

The best solution found so far is:  010 010 010 001 010 011 011 011 001 100 100 010 001 000 001 010 100 100 001 000 100 100 101 100 101 110 000 000 001 010 001 001 001 110 100 010 001 000 010 000 000 001 100 110 100 101 
With Comm. Vol:  9
849682
  010  110  010  001  010  010  011  110  011  001  101  100  001  000  001  100  100  001  001  000  101  010  011  001  101  110  000  000  001  010  010  001  010  100  001  010  010  000  100  000  000  010  001  110  001  011 CV: 11 : 0   
891159
  010  110  010  001  010  010  011  110  011  001  101  100  001  000  001  100  100  001  001  000  101  010  011  001  101  100  000  000  001  010  010  001  010  100  001  010  010  000  100  000  000  010  001  110  001  011 CV: 10 : 1   
1201149
  010  010  010  001  010  011  011  011  001  100  100  010  001  000  001  010  100  100  001  000  100  100  101  100  101  110  000  000  001  010  001  001  001  110  100  010  001  000  010  000  000  001  100  110  100  101 CV: 9 : 2   
849682
  010  110  010  001  010  010  011  110  011  001  101  100  001  000  001  100  100  001  001  000  101  010  011  001  101  110  000  000  001  010  010  001  010  100  001  010  010  000  100  000  000  010  001  110  001  011 CV: 11 : 0   
891159
  010  110  010  001  010  010  011  110  011  001  101  100  001  000  001  100  100  001  001  000  101  010  011  001  101  100  000  000  001  010  010  001  010  100  001  010  010  000  100  000  000  010  001  110  001  011 CV: 10 : 1   
1201149
  010  010  010  001  010  011  011  011  001  100  100  010  001  000  001  010  100  100  001  000  100  100  101  100  101  110  000  000  001  010  001  001  001  110  100  010  001  000  010  000  000  001  100  110  100  101 CV: 9 : 2   
Ragusa18

Number of Processors: 3  Value epsilon : 0.03
Max partition size: 22

Number of Partitions aborted: 1648889
Time taken: 592.62sec

The best solution found so far is:  010 010 010 001 010 011 011 011 001 100 100 010 001 000 001 010 100 100 001 000 100 100 101 100 101 110 000 000 001 010 001 001 001 110 100 010 001 000 010 000 000 001 100 110 100 101 
With Comm. Vol:  9
