%% nnz, p, Max, CV
%%Number of nonzeros per processor(s)
64 3 22 9
22 22 0 19 1 0 0 
1 21 1 
2 7 1 
2 11 1 
2 13 1 
2 21 1 
3 21 1 
4 2 3 
4 23 3 
5 13 1 
6 7 1 
6 13 1 
6 14 3 
6 19 3 
6 21 1 
7 2 3 
7 6 3 
7 13 1 
7 21 1 
8 2 3 
8 3 1 
8 7 1 
8 16 1 
8 23 3 
9 2 3 
9 8 3 
9 10 3 
9 14 3 
9 19 3 
10 2 0 
11 1 0 
11 2 0 
11 3 0 
11 11 0 
11 12 0 
11 21 0 
11 22 0 
12 11 1 
12 16 1 
12 21 1 
13 6 3 
13 9 3 
13 23 3 
15 2 3 
16 3 1 
16 11 1 
16 16 1 
16 21 1 
17 2 0 
17 3 0 
17 11 0 
17 21 0 
18 12 0 
18 23 0 
19 9 3 
21 2 0 
21 3 0 
21 11 0 
21 20 0 
21 21 0 
21 23 0 
22 21 0 
23 2 4 
23 9 3 
23 21 0 
%% nnz, p, Max, CV
%%Number of nonzeros per processor(s)
64 3 22 9
22 22 0 19 1 0 0 
1 21 1 
2 7 1 
2 11 1 
2 13 1 
2 21 1 
3 21 1 
4 2 3 
4 23 3 
5 13 1 
6 7 1 
6 13 1 
6 14 3 
6 19 3 
6 21 1 
7 2 3 
7 6 3 
7 13 1 
7 21 1 
8 2 3 
8 3 1 
8 7 1 
8 16 1 
8 23 3 
9 2 3 
9 8 3 
9 10 3 
9 14 3 
9 19 3 
10 2 0 
11 1 0 
11 2 0 
11 3 0 
11 11 0 
11 12 0 
11 21 0 
11 22 0 
12 11 1 
12 16 1 
12 21 1 
13 6 3 
13 9 3 
13 23 3 
15 2 3 
16 3 1 
16 11 1 
16 16 1 
16 21 1 
17 2 0 
17 3 0 
17 11 0 
17 21 0 
18 12 0 
18 23 0 
19 9 3 
21 2 0 
21 3 0 
21 11 0 
21 20 0 
21 21 0 
21 23 0 
22 21 0 
23 2 4 
23 9 3 
23 21 0 
%% nnz, p, Max, CV
%%Number of nonzeros per processor(s)
64 3 22 9
22 22 0 19 1 0 0 
1 21 1 
2 7 1 
2 11 1 
2 13 1 
2 21 1 
3 21 1 
4 2 3 
4 23 3 
5 13 1 
6 7 1 
6 13 1 
6 14 3 
6 19 3 
6 21 1 
7 2 3 
7 6 3 
7 13 1 
7 21 1 
8 2 3 
8 3 1 
8 7 1 
8 16 1 
8 23 3 
9 2 3 
9 8 3 
9 10 3 
9 14 3 
9 19 3 
10 2 0 
11 1 0 
11 2 0 
11 3 0 
11 11 0 
11 12 0 
11 21 0 
11 22 0 
12 11 1 
12 16 1 
12 21 1 
13 6 3 
13 9 3 
13 23 3 
15 2 3 
16 3 1 
16 11 1 
16 16 1 
16 21 1 
17 2 0 
17 3 0 
17 11 0 
17 21 0 
18 12 0 
18 23 0 
19 9 3 
21 2 0 
21 3 0 
21 11 0 
21 20 0 
21 21 0 
21 23 0 
22 21 0 
23 2 4 
23 9 3 
23 21 0 
