204134
  110  001  110  100  110  110  001  011  011  110  001  100  010  010  011  100  011  101  101  001  100  001 CV: 11 : 0   
204713
  110  100  110  001  110  011  001  011  011  010  100  010  010  011  101  010  100  011  101  001  100  001 CV: 10 : 1   
210723
  110  100  110  001  101  011  001  001  011  010  100  010  011  010  101  010  100  011  101  001  100  001 CV: 9 : 2   
Tina_DisCog

Number of Processors: 3  Value epsilon : 0.03
Max partition size: 16

Number of Partitions aborted: 249748
Time taken: 81.258sec

The best solution found so far is:  110 100 110 001 101 011 001 001 011 010 100 010 011 010 101 010 100 011 101 001 100 001 
With Comm. Vol:  9
204170
  110  001  110  100  110  110  001  011  011  110  001  100  010  010  011  100  011  101  101  001  100  001 CV: 11 : 0   
204749
  110  100  110  001  110  011  001  011  011  010  100  010  010  011  101  010  100  011  101  001  100  001 CV: 10 : 1   
210759
  110  100  110  001  101  011  001  001  011  010  100  010  011  010  101  010  100  011  101  001  100  001 CV: 9 : 2   
Tina_DisCog

Number of Processors: 3  Value epsilon : 0.03
Max partition size: 16

Number of Partitions aborted: 249808
Time taken: 89.535sec

The best solution found so far is:  110 100 110 001 101 011 001 001 011 010 100 010 011 010 101 010 100 011 101 001 100 001 
With Comm. Vol:  9
204170
  110  001  110  100  110  110  001  011  011  110  001  100  010  010  011  100  011  101  101  001  100  001 CV: 11 : 0   
204749
  110  100  110  001  110  011  001  011  011  010  100  010  010  011  101  010  100  011  101  001  100  001 CV: 10 : 1   
210759
  110  100  110  001  101  011  001  001  011  010  100  010  011  010  101  010  100  011  101  001  100  001 CV: 9 : 2   
Tina_DisCog

Number of Processors: 3  Value epsilon : 0.03
Max partition size: 16

Number of Partitions aborted: 249808
Time taken: 94.707sec

The best solution found so far is:  110 100 110 001 101 011 001 001 011 010 100 010 011 010 101 010 100 011 101 001 100 001 
With Comm. Vol:  9
