0
  110  100  011  100  001  010  001  010  010  100  010  010  001  010  100  100  101  001  110  101  001  011 CV: 6 : 0   
37
  110  100  001  100  001  010  010  001  010  100  001  010  010  001  100  100  101  001  110  110  011  001 CV: 5 : 1   
576
  100  010  001  100  001  100  010  001  100  010  001  100  010  001  100  110  011  001  100  110  011  001 CV: 4 : 2   
997
  100  001  010  100  011  100  001  010  100  001  010  100  001  010  100  101  001  010  100  101  001  010 CV: 3 : 3   
lpi_galenet

Number of Processors: 3  Value epsilon : 0.03
Max partition size: 8

Number of Partitions aborted: 1705
Time taken: 8.065sec

The best solution found so far is:  100 001 010 100 011 100 001 010 100 001 010 100 001 010 100 101 001 010 100 101 001 010 
With Comm. Vol:  3
