0
  100  001  001  001  001  001  001  010  010  010  010  010  010  011  100  100  100  100  100  101  100  011  100  100  110  100  101  101  011  011  101  110  110  100  110  010  010  011  010  011  010  110  001  011  011  001  001  001  101  101 CV: 19 : 0   
5
  100  001  001  001  001  001  001  010  010  010  010  010  010  011  100  100  100  100  100  110  100  010  100  100  110  100  101  101  011  011  101  110  101  100  110  010  010  011  010  011  010  110  001  011  011  001  001  001  101  101 CV: 18 : 1   
2301
  100  001  001  001  001  001  001  010  010  010  010  010  010  100  011  100  100  100  100  101  100  011  100  100  010  100  100  101  011  011  101  110  100  101  010  110  010  011  010  011  010  110  001  011  011  001  001  001  101  101 CV: 17 : 2   
2322
  100  001  001  001  001  001  001  010  010  010  010  010  010  100  011  100  100  101  100  100  100  110  100  100  010  100  100  001  011  011  101  110  100  101  010  110  010  011  010  011  010  110  001  011  011  001  001  001  101  101 CV: 16 : 3   
2993
  100  001  001  001  001  001  001  010  010  010  010  010  010  100  110  100  101  100  100  100  100  110  100  100  010  100  100  101  011  011  001  011  100  100  010  110  010  011  010  011  010  110  001  011  011  001  001  001  101  101 CV: 15 : 4   
klein-b2

Number of Processors: 3  Value epsilon : 0.03
Max partition size: 20

Number of Partitions aborted: 3519
Time taken: 21.591sec
 
STOPPED BEFORE PARTITION WAS FINISHED
SOLUTION MAY NOT BE OPTIMAL

The best solution found so far is:  100 001 001 001 001 001 001 010 010 010 010 010 010 100 110 100 101 100 100 100 100 110 100 100 010 100 100 101 011 011 001 011 100 100 010 110 010 011 010 011 010 110 001 011 011 001 001 001 101 101 
With Comm. Vol:  15
