%% nnz, p, Max, CV
%%Number of nonzeros per processor(s)
193 3 66 4
65 63 0 65 0 0 0 
10 1 0 
10 4 0 
11 8 3 
11 12 3 
18 3 1 
18 17 1 
19 5 3 
19 7 3 
20 8 3 
20 12 3 
21 8 3 
21 12 3 
22 13 3 
22 16 3 
24 13 3 
24 14 3 
25 1 1 
25 9 1 
26 14 3 
26 16 3 
27 1 1 
27 9 1 
28 1 1 
28 17 1 
29 4 0 
29 6 0 
30 3 1 
30 31 1 
32 1 1 
32 9 1 
34 1 0 
34 6 0 
35 1 0 
35 6 0 
35 36 0 
35 37 0 
38 1 0 
38 4 0 
39 1 1 
39 9 1 
40 5 3 
40 7 3 
41 14 3 
41 16 3 
42 1 0 
42 9 0 
43 1 1 
43 9 1 
44 1 0 
44 9 0 
45 1 0 
45 6 0 
46 1 1 
46 9 1 
47 6 0 
47 9 0 
48 14 3 
48 16 3 
49 13 3 
49 16 3 
50 4 0 
50 9 0 
51 8 3 
51 12 3 
52 1 0 
52 4 0 
53 1 0 
53 6 0 
54 1 1 
54 9 1 
55 5 3 
55 13 3 
55 16 3 
56 5 3 
56 7 3 
56 16 3 
57 2 1 
57 17 1 
57 23 1 
58 1 0 
58 4 0 
59 1 1 
59 9 1 
60 1 1 
60 9 1 
61 1 0 
61 9 0 
62 4 0 
62 9 0 
63 13 3 
63 14 3 
64 1 1 
64 9 1 
65 1 1 
65 9 1 
66 14 3 
66 16 3 
67 8 3 
67 12 3 
68 1 0 
68 9 0 
69 1 0 
69 6 0 
70 8 3 
70 12 3 
71 1 1 
71 9 1 
72 1 0 
72 9 0 
73 2 1 
73 17 1 
74 3 1 
74 23 1 
75 14 3 
75 16 3 
76 1 0 
76 4 0 
77 1 0 
77 4 0 
78 13 3 
78 16 3 
79 4 0 
79 5 3 
80 7 3 
80 8 3 
81 5 3 
81 13 3 
81 14 3 
81 16 3 
81 36 0 
81 37 0 
82 1 1 
82 9 1 
83 1 0 
83 6 0 
84 1 0 
84 6 0 
84 9 0 
85 23 1 
85 33 1 
86 1 0 
86 4 0 
87 8 3 
87 12 3 
88 14 3 
88 16 3 
89 1 1 
89 9 1 
90 15 1 
90 33 1 
91 1 1 
91 9 1 
92 1 1 
92 9 1 
93 1 0 
93 9 0 
94 1 1 
94 9 1 
95 14 3 
95 16 3 
96 1 0 
96 4 0 
96 9 0 
97 14 3 
97 16 3 
98 13 3 
98 16 3 
99 3 1 
99 17 1 
100 1 1 
100 9 1 
101 8 3 
101 12 3 
102 8 3 
102 12 3 
103 1 0 
103 6 0 
104 1 1 
104 9 1 
105 1 0 
105 4 0 
106 1 0 
106 9 0 
107 15 1 
107 31 1 
108 1 1 
108 9 1 
109 14 3 
109 16 3 
110 1 0 
110 9 0 
111 1 1 
111 9 1 
%% nnz, p, Max, CV
%%Number of nonzeros per processor(s)
193 3 66 4
65 63 0 65 0 0 0 
10 1 0 
10 4 0 
11 8 3 
11 12 3 
18 3 1 
18 17 1 
19 5 3 
19 7 3 
20 8 3 
20 12 3 
21 8 3 
21 12 3 
22 13 3 
22 16 3 
24 13 3 
24 14 3 
25 1 1 
25 9 1 
26 14 3 
26 16 3 
27 1 1 
27 9 1 
28 1 1 
28 17 1 
29 4 0 
29 6 0 
30 3 1 
30 31 1 
32 1 1 
32 9 1 
34 1 0 
34 6 0 
35 1 0 
35 6 0 
35 36 0 
35 37 0 
38 1 0 
38 4 0 
39 1 1 
39 9 1 
40 5 3 
40 7 3 
41 14 3 
41 16 3 
42 1 0 
42 9 0 
43 1 1 
43 9 1 
44 1 0 
44 9 0 
45 1 0 
45 6 0 
46 1 1 
46 9 1 
47 6 0 
47 9 0 
48 14 3 
48 16 3 
49 13 3 
49 16 3 
50 4 0 
50 9 0 
51 8 3 
51 12 3 
52 1 0 
52 4 0 
53 1 0 
53 6 0 
54 1 1 
54 9 1 
55 5 3 
55 13 3 
55 16 3 
56 5 3 
56 7 3 
56 16 3 
57 2 1 
57 17 1 
57 23 1 
58 1 0 
58 4 0 
59 1 1 
59 9 1 
60 1 1 
60 9 1 
61 1 0 
61 9 0 
62 4 0 
62 9 0 
63 13 3 
63 14 3 
64 1 1 
64 9 1 
65 1 1 
65 9 1 
66 14 3 
66 16 3 
67 8 3 
67 12 3 
68 1 0 
68 9 0 
69 1 0 
69 6 0 
70 8 3 
70 12 3 
71 1 1 
71 9 1 
72 1 0 
72 9 0 
73 2 1 
73 17 1 
74 3 1 
74 23 1 
75 14 3 
75 16 3 
76 1 0 
76 4 0 
77 1 0 
77 4 0 
78 13 3 
78 16 3 
79 4 0 
79 5 3 
80 7 3 
80 8 3 
81 5 3 
81 13 3 
81 14 3 
81 16 3 
81 36 0 
81 37 0 
82 1 1 
82 9 1 
83 1 0 
83 6 0 
84 1 0 
84 6 0 
84 9 0 
85 23 1 
85 33 1 
86 1 0 
86 4 0 
87 8 3 
87 12 3 
88 14 3 
88 16 3 
89 1 1 
89 9 1 
90 15 1 
90 33 1 
91 1 1 
91 9 1 
92 1 1 
92 9 1 
93 1 0 
93 9 0 
94 1 1 
94 9 1 
95 14 3 
95 16 3 
96 1 0 
96 4 0 
96 9 0 
97 14 3 
97 16 3 
98 13 3 
98 16 3 
99 3 1 
99 17 1 
100 1 1 
100 9 1 
101 8 3 
101 12 3 
102 8 3 
102 12 3 
103 1 0 
103 6 0 
104 1 1 
104 9 1 
105 1 0 
105 4 0 
106 1 0 
106 9 0 
107 15 1 
107 31 1 
108 1 1 
108 9 1 
109 14 3 
109 16 3 
110 1 0 
110 9 0 
111 1 1 
111 9 1 
