%% nnz, p, Max, CV
%%Number of nonzeros per processor(s)
46 3 16 4
15 15 2 14 0 0 0 
1 1 0 
1 4 0 
1 5 0 
2 2 3 
2 6 3 
3 3 3 
3 7 3 
4 1 0 
4 4 0 
4 8 0 
4 9 0 
5 1 0 
5 5 0 
5 8 0 
5 9 0 
6 2 3 
6 6 3 
6 10 3 
7 3 3 
7 7 3 
7 11 3 
8 4 0 
8 5 0 
8 8 2 
8 12 1 
8 13 1 
9 4 0 
9 5 0 
9 9 2 
9 12 1 
9 13 1 
10 6 3 
10 10 3 
11 7 3 
11 11 3 
12 8 1 
12 9 1 
12 12 1 
12 14 1 
13 8 1 
13 9 1 
13 13 1 
13 14 1 
14 12 1 
14 13 1 
14 14 1 
%% nnz, p, Max, CV
%%Number of nonzeros per processor(s)
46 3 16 4
15 15 2 14 0 0 0 
1 1 0 
1 4 0 
1 5 0 
2 2 3 
2 6 3 
3 3 3 
3 7 3 
4 1 0 
4 4 0 
4 8 0 
4 9 0 
5 1 0 
5 5 0 
5 8 0 
5 9 0 
6 2 3 
6 6 3 
6 10 3 
7 3 3 
7 7 3 
7 11 3 
8 4 0 
8 5 0 
8 8 2 
8 12 1 
8 13 1 
9 4 0 
9 5 0 
9 9 2 
9 12 1 
9 13 1 
10 6 3 
10 10 3 
11 7 3 
11 11 3 
12 8 1 
12 9 1 
12 12 1 
12 14 1 
13 8 1 
13 9 1 
13 13 1 
13 14 1 
14 12 1 
14 13 1 
14 14 1 
%% nnz, p, Max, CV
%%Number of nonzeros per processor(s)
46 3 16 4
15 15 2 14 0 0 0 
1 1 0 
1 4 0 
1 5 0 
2 2 3 
2 6 3 
3 3 3 
3 7 3 
4 1 0 
4 4 0 
4 8 0 
4 9 0 
5 1 0 
5 5 0 
5 8 0 
5 9 0 
6 2 3 
6 6 3 
6 10 3 
7 3 3 
7 7 3 
7 11 3 
8 4 0 
8 5 0 
8 8 2 
8 12 1 
8 13 1 
9 4 0 
9 5 0 
9 9 2 
9 12 1 
9 13 1 
10 6 3 
10 10 3 
11 7 3 
11 11 3 
12 8 1 
12 9 1 
12 12 1 
12 14 1 
13 8 1 
13 9 1 
13 13 1 
13 14 1 
14 12 1 
14 13 1 
14 14 1 
