0
  001  001  010  001  001  010  010  010  010  100  010  001  010  100  010  100  010  100  010  001  001  000  001  001  000  010  100  010  010  010  010  100  100  010  001  010  001  010  001  001  010  001  010  010  001  010  100  100  010  010  100  010  001  000  001  010  100  101  001  001  001  100  010  010  100  010  010  010  010  010  001  010 CV: 1 : 0   
GD95_a

Number of Processors: 3  Value epsilon : 0.03
Max partition size: 19

Number of Partitions aborted: 62
Time taken: 0.125sec

The best solution found so far is:  001 001 010 001 001 010 010 010 010 100 010 001 010 100 010 100 010 100 010 001 001 000 001 001 000 010 100 010 010 010 010 100 100 010 001 010 001 010 001 001 010 001 010 010 001 010 100 100 010 010 100 010 001 000 001 010 100 101 001 001 001 100 010 010 100 010 010 010 010 010 001 010 
With Comm. Vol:  1
