0
  010  010  110  010  011  011  011  001  100  001  110  101  100  100  100  001  010  001  100  001  100  110  010  110  011  011  011  100  010  010  001  100  001  100  100  010  001  100  001  100  100  010  010  001  001  001  010  010  110  010  010  001  101  101  110  101  100  101  010  010  010  100  100  010  100  001  111  111  111  111  110  101  100  101  101  001  101  001 CV: 30 : 0   
11
  010  010  010  010  011  011  011  001  100  001  110  101  100  100  100  001  010  001  100  001  100  110  010  110  011  011  011  010  010  001  001  100  001  100  100  010  001  100  001  100  100  010  100  010  001  001  010  010  110  010  010  001  101  101  110  101  100  101  010  010  010  100  100  010  100  001  111  111  111  111  110  101  100  101  101  001  101  001 CV: 29 : 1   
28
  010  010  010  010  011  011  011  001  100  001  110  101  100  100  100  001  010  001  100  001  100  110  010  110  011  011  010  010  010  001  001  100  001  100  100  010  001  100  001  100  100  010  100  001  001  010  010  010  110  010  010  001  101  101  110  101  100  101  010  010  010  100  100  010  100  001  111  111  111  111  110  101  100  101  101  001  110  001 CV: 28 : 2   
146
  010  010  010  010  011  011  011  001  100  001  110  101  100  100  100  001  010  001  100  001  100  110  010  010  011  011  010  010  010  001  001  100  001  100  100  010  001  100  001  100  100  010  010  001  001  010  010  010  110  010  010  001  101  101  110  101  100  101  010  010  010  100  100  010  100  001  111  111  111  111  110  101  100  101  101  001  110  001 CV: 27 : 3   
294
  010  010  010  010  011  011  011  001  100  001  110  100  100  100  100  001  010  001  100  001  100  110  010  010  011  110  101  010  010  010  001  100  001  100  100  010  001  100  001  100  010  010  010  001  010  001  010  010  110  010  010  001  101  101  110  101  100  101  010  010  001  100  100  010  100  100  111  111  111  111  110  101  100  101  101  001  100  001 CV: 26 : 4   
465
  010  010  010  010  011  011  011  001  100  001  110  100  100  100  100  001  010  001  100  001  100  100  010  010  011  010  001  010  010  010  001  100  001  100  100  010  001  100  001  100  100  010  010  001  010  001  010  010  110  010  010  001  101  101  110  101  100  101  010  010  001  100  100  010  100  110  111  111  111  111  110  101  100  101  101  001  101  001 CV: 25 : 5   
34888
  010  010  010  010  011  011  011  001  100  001  110  110  100  101  100  001  100  010  001  100  100  100  010  010  011  010  001  010  010  001  001  100  001  100  001  100  010  001  100  100  100  010  010  001  010  001  010  010  110  010  010  001  101  101  110  101  100  101  010  010  001  100  100  010  100  010  111  111  111  111  100  110  101  100  001  001  101  001 CV: 24 : 6   
53447
  010  010  010  010  011  011  011  001  100  001  110  110  100  001  100  001  100  010  100  100  100  100  010  010  011  010  001  010  010  001  001  100  001  100  001  100  010  100  100  100  100  010  010  001  010  001  010  010  110  010  010  001  101  101  110  101  100  101  010  010  001  100  011  010  100  010  111  111  111  111  100  110  100  100  001  001  101  001 CV: 23 : 7   
0
  101  101  101  010  001  100  001  100  010  001  010  001  100  100  001  010  010  001  100  010  100  001  001  101  010  100  010  001  010  001  100  010  001  100  100  010  001  100  010  100  001  001  001  010  100  010  100  011  001  100  111  111  111  111  101  100  110  101  011  001  110  111  110  110  110  101  011  011  111  011  110  101  100  110  110  010  011  010 CV: 34 : 0   
5
  101  101  100  010  001  100  001  100  010  001  010  001  100  100  001  010  010  001  100  010  100  001  001  101  010  100  010  100  010  001  100  010  001  100  100  010  001  100  010  100  001  001  001  010  100  010  100  011  001  100  111  111  111  111  101  100  110  101  011  001  110  111  110  011  110  101  011  011  111  011  110  101  100  110  110  010  011  010 CV: 33 : 1   
11
  101  100  100  010  001  100  001  100  010  001  010  001  100  100  001  010  010  001  100  010  100  001  001  101  010  100  010  100  010  001  100  010  001  100  100  010  001  100  010  100  001  001  001  010  100  010  100  011  001  100  111  111  111  111  101  100  110  101  011  001  110  111  110  011  110  101  011  011  111  011  110  101  100  110  110  010  011  010 CV: 32 : 2   
17
  101  100  100  010  001  100  001  100  010  001  010  001  100  100  001  010  010  001  100  010  100  001  001  110  010  100  010  100  010  001  100  010  001  100  100  010  001  100  010  100  001  001  010  010  100  010  100  011  001  100  111  111  111  111  101  100  110  101  011  001  110  111  110  010  110  101  011  011  111  011  110  101  100  110  110  010  011  010 CV: 31 : 3   
26
  101  100  100  010  001  100  001  100  010  001  010  001  001  100  001  010  010  001  100  010  100  001  001  100  010  100  010  100  010  001  100  010  001  001  100  010  001  100  010  100  001  001  100  010  100  010  100  011  001  100  111  111  111  111  101  100  110  101  011  001  110  011  110  110  110  101  011  011  111  011  110  101  100  110  110  010  011  010 CV: 30 : 4   
105
  110  100  100  010  001  100  001  100  010  001  010  010  001  100  001  010  010  001  100  010  100  001  001  100  010  100  001  100  010  001  100  010  001  001  100  010  001  100  010  100  001  001  100  010  100  001  100  010  011  100  111  111  111  111  101  100  110  101  011  001  101  011  110  110  110  110  011  011  111  011  110  101  100  110  110  010  001  010 CV: 29 : 5   
643
  110  100  100  010  001  100  001  100  010  001  010  001  001  100  001  010  010  001  100  010  100  010  001  100  010  001  100  100  010  001  100  010  001  001  100  010  001  100  010  100  010  001  100  010  001  100  100  010  010  101  111  111  111  111  101  100  110  101  011  001  100  011  110  110  110  001  011  011  111  011  110  101  100  110  110  010  101  010 CV: 28 : 6   
1560
  110  100  100  010  001  100  001  100  010  001  010  010  010  100  001  010  010  001  100  001  100  010  001  100  010  100  001  100  010  001  100  010  001  010  100  010  001  100  001  100  010  001  100  010  100  001  100  010  010  100  111  111  111  111  101  100  110  101  011  001  101  010  110  110  110  110  011  011  111  011  110  101  100  101  110  010  001  010 CV: 27 : 7   
88350
  110  100  100  010  001  100  001  100  010  001  010  100  010  110  001  010  100  010  001  001  100  010  001  100  010  100  001  100  010  001  100  010  001  010  100  100  010  001  001  100  010  001  100  010  100  001  100  010  010  100  111  111  111  111  101  100  110  101  011  001  101  110  010  110  110  100  111  011  011  011  100  110  101  101  010  010  001  010 CV: 26 : 8   
177831
  110  100  100  010  001  100  001  100  010  001  010  010  010  010  001  010  100  001  100  001  100  010  001  100  010  100  001  100  010  001  100  010  001  010  010  100  001  100  001  100  010  001  100  010  100  001  100  010  010  100  111  111  111  111  101  100  110  101  011  001  101  010  010  110  110  110  111  011  111  011  100  101  100  101  010  010  001  010 CV: 25 : 9   
524368
  110  100  100  010  001  100  001  100  010  100  010  010  010  010  001  010  001  001  100  001  100  010  001  100  010  100  001  100  010  001  100  010  100  010  010  001  001  100  001  100  010  001  100  010  100  001  100  010  010  100  111  111  111  111  101  100  110  100  011  001  101  010  010  110  110  110  011  011  111  011  101  101  100  101  010  010  001  010 CV: 24 : 10   
1250334
  110  100  100  010  001  100  001  100  100  100  010  010  010  010  001  010  001  010  001  001  100  010  001  100  010  100  001  100  010  001  100  100  100  010  010  001  010  001  001  100  010  001  100  010  100  001  100  010  010  100  111  111  111  111  101  100  100  100  011  001  101  010  010  110  110  110  011  011  011  011  101  110  101  101  010  010  001  010 CV: 23 : 11   
