253360
  100  010  010  100  100  100  100  100  100  010  010  010  010  010  010  010  010  010  001  001  001  001  001  001  001  001  001  100  100  100  100  100  100  100  100  100  010  010  010  010  010  010  010  010  010  001  001  001  001  001  001  001  001  001  100  010  010  100  100  100  100  100  100  010  010  010  010  010  010  010  010  010  001  001  001  001  001  001  001  001  001  100  100  100  100  100  100  100  100  100  010  010  010  010  010  010  010  010  010  001  001  001  001  001  001  001  001  001  100  010  001  100  100  001  100  010  010  100  100  100  100  100  100  010  010  010  010  010  010  010  010  010  001  001  001  001  001  001  001  001  001  100  100  100  100  100  100  100  100  100  010  010  010  010  010  010  010  010  010  001  001  001  001  001  001  001  001  001  100  010  010  100  100  100  100  100  100  010  010  010  010  010  010  010  010  010  001  001  001  001  001  001  001  001  001  100  100  100  100  100  100  100  100  100  010  010  010  010  010  010  010  010  010  001  001  001  001  001  001  001  001  001  100  100  100  110  110  110  100  100  100  100  100  100  010  010  010  010  010  010  010  010  010  010  001  001  001  001  001  001  001  001  001  001  100  100  100  100  100  100  100  100  100  100  010  010  010  010  010  010  010  010  010  010  001  001  001  001  001  001  001  001  001  001  001 CV: 3 : 0   
gams10a

Number of Processors: 3  Value epsilon : 0.03
Max partition size: 140

Number of Partitions aborted: 412377
Time taken: 511.13sec

The best solution found so far is:  100 010 010 100 100 100 100 100 100 010 010 010 010 010 010 010 010 010 001 001 001 001 001 001 001 001 001 100 100 100 100 100 100 100 100 100 010 010 010 010 010 010 010 010 010 001 001 001 001 001 001 001 001 001 100 010 010 100 100 100 100 100 100 010 010 010 010 010 010 010 010 010 001 001 001 001 001 001 001 001 001 100 100 100 100 100 100 100 100 100 010 010 010 010 010 010 010 010 010 001 001 001 001 001 001 001 001 001 100 010 001 100 100 001 100 010 010 100 100 100 100 100 100 010 010 010 010 010 010 010 010 010 001 001 001 001 001 001 001 001 001 100 100 100 100 100 100 100 100 100 010 010 010 010 010 010 010 010 010 001 001 001 001 001 001 001 001 001 100 010 010 100 100 100 100 100 100 010 010 010 010 010 010 010 010 010 001 001 001 001 001 001 001 001 001 100 100 100 100 100 100 100 100 100 010 010 010 010 010 010 010 010 010 001 001 001 001 001 001 001 001 001 100 100 100 110 110 110 100 100 100 100 100 100 010 010 010 010 010 010 010 010 010 010 001 001 001 001 001 001 001 001 001 001 100 100 100 100 100 100 100 100 100 100 010 010 010 010 010 010 010 010 010 010 001 001 001 001 001 001 001 001 001 001 001 
With Comm. Vol:  3
