0
  001  001  010  010  010  011  011  010  011  100  101  100  101  100  001  110  110  001  001  011  001  010  010  010  010  011  010  010  100  001  100  001  100  100  100  100 CV: 9 : 0   
323
  001  001  010  010  010  101  011  100  011  010  101  100  101  100  001  010  110  001  001  101  001  010  010  010  100  011  010  010  010  001  100  001  100  100  010  100 CV: 8 : 1   
2698
  001  001  010  100  010  011  011  010  101  010  101  100  101  100  001  010  100  001  001  011  001  010  100  010  010  011  010  100  010  001  100  001  100  100  010  100 CV: 7 : 2   
31400
  001  001  010  100  010  011  001  010  101  010  101  100  110  100  001  010  100  001  001  011  001  010  100  010  010  001  010  100  010  001  100  011  100  100  010  100 CV: 6 : 3   
38099
  001  001  010  100  010  011  001  010  101  010  101  100  100  100  001  010  100  001  001  011  001  010  100  010  010  001  010  100  010  001  100  101  100  100  010  100 CV: 5 : 4   
53689
  001  001  010  100  001  001  001  001  101  010  110  100  110  100  010  010  100  010  001  001  001  010  100  001  001  001  011  100  010  010  100  010  100  100  010  100 CV: 4 : 5   
62557
  001  001  100  010  100  001  001  001  011  100  010  100  010  100  010  100  010  010  001  001  001  100  010  100  001  001  100  010  100  010  110  010  100  110  100  100 CV: 3 : 6   
67548
  001  001  010  010  010  001  001  001  011  010  100  100  100  100  100  010  010  100  001  001  001  010  010  010  001  001  010  010  010  100  100  100  100  110  010  100 CV: 2 : 7   
GD01_b

Number of Processors: 3  Value epsilon : 0.03
Max partition size: 13

Number of Partitions aborted: 79810
Time taken: 24.287sec

The best solution found so far is:  001 001 010 010 010 001 001 001 011 010 100 100 100 100 100 010 010 100 001 001 001 010 010 010 001 001 010 010 010 100 100 100 100 110 010 100 
With Comm. Vol:  2
0
  001  001  010  010  010  011  011  010  011  100  101  100  101  100  001  110  110  001  001  011  001  010  010  010  010  011  010  010  100  001  100  001  100  100  100  100 CV: 9 : 0   
323
  001  001  010  010  010  101  011  100  011  010  101  100  101  100  001  010  110  001  001  101  001  010  010  010  100  011  010  010  010  001  100  001  100  100  010  100 CV: 8 : 1   
2698
  001  001  010  100  010  011  011  010  101  010  101  100  101  100  001  010  100  001  001  011  001  010  100  010  010  011  010  100  010  001  100  001  100  100  010  100 CV: 7 : 2   
31400
  001  001  010  100  010  011  001  010  101  010  101  100  110  100  001  010  100  001  001  011  001  010  100  010  010  001  010  100  010  001  100  011  100  100  010  100 CV: 6 : 3   
38099
  001  001  010  100  010  011  001  010  101  010  101  100  100  100  001  010  100  001  001  011  001  010  100  010  010  001  010  100  010  001  100  101  100  100  010  100 CV: 5 : 4   
53689
  001  001  010  100  001  001  001  001  101  010  110  100  110  100  010  010  100  010  001  001  001  010  100  001  001  001  011  100  010  010  100  010  100  100  010  100 CV: 4 : 5   
62557
  001  001  100  010  100  001  001  001  011  100  010  100  010  100  010  100  010  010  001  001  001  100  010  100  001  001  100  010  100  010  110  010  100  110  100  100 CV: 3 : 6   
67548
  001  001  010  010  010  001  001  001  011  010  100  100  100  100  100  010  010  100  001  001  001  010  010  010  001  001  010  010  010  100  100  100  100  110  010  100 CV: 2 : 7   
GD01_b

Number of Processors: 3  Value epsilon : 0.03
Max partition size: 13

Number of Partitions aborted: 79810
Time taken: 24.425sec

The best solution found so far is:  001 001 010 010 010 001 001 001 011 010 100 100 100 100 100 010 010 100 001 001 001 010 010 010 001 001 010 010 010 100 100 100 100 110 010 100 
With Comm. Vol:  2
