%% nnz, p, Max, CV
%%Number of nonzeros per processor(s)
36 3 12 6
12 12 0 11 1 0 0 
1 2 0 
1 3 0 
2 4 1 
2 8 1 
3 1 0 
3 2 4 
3 10 3 
4 7 1 
4 8 1 
5 2 3 
5 6 3 
5 8 3 
5 10 3 
6 1 0 
6 2 0 
6 3 0 
6 4 1 
6 5 0 
6 7 1 
6 8 1 
7 4 1 
7 8 1 
7 9 1 
8 2 3 
8 4 3 
8 11 3 
9 2 0 
9 7 1 
9 8 1 
10 1 0 
10 2 0 
10 3 0 
10 5 0 
11 4 3 
11 6 3 
11 8 3 
%% nnz, p, Max, CV
%%Number of nonzeros per processor(s)
36 3 12 6
12 12 0 11 1 0 0 
1 2 0 
1 3 0 
2 4 1 
2 8 1 
3 1 0 
3 2 4 
3 10 3 
4 7 1 
4 8 1 
5 2 3 
5 6 3 
5 8 3 
5 10 3 
6 1 0 
6 2 0 
6 3 0 
6 4 1 
6 5 0 
6 7 1 
6 8 1 
7 4 1 
7 8 1 
7 9 1 
8 2 3 
8 4 3 
8 11 3 
9 2 0 
9 7 1 
9 8 1 
10 1 0 
10 2 0 
10 3 0 
10 5 0 
11 4 3 
11 6 3 
11 8 3 
%% nnz, p, Max, CV
%%Number of nonzeros per processor(s)
36 3 12 6
12 12 0 11 1 0 0 
1 2 0 
1 3 0 
2 4 1 
2 8 1 
3 1 0 
3 2 4 
3 10 3 
4 7 1 
4 8 1 
5 2 3 
5 6 3 
5 8 3 
5 10 3 
6 1 0 
6 2 0 
6 3 0 
6 4 1 
6 5 0 
6 7 1 
6 8 1 
7 4 1 
7 8 1 
7 9 1 
8 2 3 
8 4 3 
8 11 3 
9 2 0 
9 7 1 
9 8 1 
10 1 0 
10 2 0 
10 3 0 
10 5 0 
11 4 3 
11 6 3 
11 8 3 
%% nnz, p, Max, CV
%%Number of nonzeros per processor(s)
36 3 12 6
12 12 0 11 1 0 0 
1 2 0 
1 3 0 
2 4 1 
2 8 1 
3 1 0 
3 2 4 
3 10 3 
4 7 1 
4 8 1 
5 2 3 
5 6 3 
5 8 3 
5 10 3 
6 1 0 
6 2 0 
6 3 0 
6 4 1 
6 5 0 
6 7 1 
6 8 1 
7 4 1 
7 8 1 
7 9 1 
8 2 3 
8 4 3 
8 11 3 
9 2 0 
9 7 1 
9 8 1 
10 1 0 
10 2 0 
10 3 0 
10 5 0 
11 4 3 
11 6 3 
11 8 3 
%% nnz, p, Max, CV
%%Number of nonzeros per processor(s)
36 3 12 6
12 12 0 11 1 0 0 
1 2 0 
1 3 0 
2 4 1 
2 8 1 
3 1 0 
3 2 4 
3 10 3 
4 7 1 
4 8 1 
5 2 3 
5 6 3 
5 8 3 
5 10 3 
6 1 0 
6 2 0 
6 3 0 
6 4 1 
6 5 0 
6 7 1 
6 8 1 
7 4 1 
7 8 1 
7 9 1 
8 2 3 
8 4 3 
8 11 3 
9 2 0 
9 7 1 
9 8 1 
10 1 0 
10 2 0 
10 3 0 
10 5 0 
11 4 3 
11 6 3 
11 8 3 
