0
  001  011  011  000  100  110  000  000  000  100  011  000  000  000  011  000  000  000  000  100  000  001  011  010  000  000  011  000  000  000  000  000  100  000  100  000  010  000  001  101  000  001  101  010  101  010  001  010  000  100  001  010  000  100  010  101  100  000  100  000  101  000  010  100  010  110  100  001  100  001  000  100  000  100  000  100 CV: 13 : 0   
3
  001  011  011  000  100  010  000  000  000  100  011  000  000  000  011  000  000  000  000  100  000  001  011  110  000  000  011  000  000  000  000  000  100  000  100  000  010  000  001  101  000  001  101  010  101  010  001  010  000  100  001  010  000  100  010  101  100  000  100  000  101  000  100  100  010  010  100  001  100  001  000  100  000  100  000  100 CV: 12 : 1   
20
  010  001  001  000  100  110  000  000  000  100  011  000  000  000  001  000  000  000  000  100  000  001  011  010  000  000  001  000  000  000  000  000  100  000  100  000  001  000  001  110  000  010  110  001  110  001  010  001  000  100  010  011  000  100  010  110  100  000  100  000  110  000  010  100  010  110  100  010  100  010  000  100  000  100  000  100 CV: 10 : 2   
21
  010  001  001  000  100  010  000  000  000  100  011  000  000  000  001  000  000  000  000  100  000  001  011  110  000  000  001  000  000  000  000  000  100  000  100  000  001  000  001  110  000  010  110  001  110  001  010  001  000  100  010  011  000  100  010  110  100  000  100  000  110  000  100  100  010  010  100  010  100  010  000  100  000  100  000  100 CV: 9 : 3   
25
  010  001  001  000  100  010  000  000  000  100  011  000  000  000  001  000  000  000  000  100  000  001  101  010  000  000  001  000  000  000  000  000  100  000  100  000  001  000  001  110  000  010  110  001  110  001  010  001  000  100  010  101  000  100  010  110  100  000  100  000  110  000  010  100  010  010  100  010  100  010  000  100  000  100  000  100 CV: 8 : 4   
36
  010  101  001  000  100  010  000  000  000  100  011  000  000  000  001  000  000  000  000  100  000  001  001  010  000  000  001  000  000  000  000  000  100  000  100  000  001  000  001  110  000  010  110  100  110  001  010  001  000  100  010  001  000  100  010  110  100  000  100  000  110  000  010  100  010  010  100  010  100  010  000  100  000  100  000  100 CV: 7 : 5   
67
  101  001  001  000  010  010  000  000  000  100  011  000  000  000  011  000  000  000  000  010  000  001  011  010  000  000  011  000  000  000  000  000  010  000  010  000  010  000  001  100  000  001  100  001  100  001  001  011  000  100  001  001  000  100  010  100  100  000  010  000  100  000  010  100  010  010  100  001  100  100  000  010  000  010  000  010 CV: 6 : 6   
122
  101  011  001  000  010  010  000  000  000  100  011  000  000  000  001  000  000  000  000  010  000  001  001  010  000  000  011  000  000  000  000  000  010  000  010  000  010  000  001  100  000  001  100  010  100  001  001  011  000  100  001  001  000  100  010  100  100  000  010  000  100  000  010  100  010  010  100  001  100  100  000  010  000  010  000  010 CV: 5 : 7   
284
  110  001  001  000  010  010  000  000  000  100  011  000  000  000  001  000  000  000  000  010  000  001  011  010  000  000  001  000  000  000  000  000  010  000  010  000  001  000  001  100  000  010  100  001  100  001  010  001  000  100  010  011  000  100  010  100  100  000  010  000  100  000  010  100  010  010  100  010  100  010  000  010  000  010  000  010 CV: 4 : 8   
303
  110  011  001  000  010  010  000  000  000  100  011  000  000  000  001  000  000  000  000  010  000  001  001  010  000  000  001  000  000  000  000  000  010  000  010  000  001  000  001  100  000  010  100  010  100  001  010  001  000  100  010  001  000  100  010  100  100  000  010  000  100  000  010  100  010  010  100  010  100  010  000  010  000  010  000  010 CV: 3 : 9   
GD98_a

Number of Processors: 3  Value epsilon : 0.03
Max partition size: 17

Number of Partitions aborted: 502
Time taken: 0.566sec

The best solution found so far is:  110 011 001 000 010 010 000 000 000 100 011 000 000 000 001 000 000 000 000 010 000 001 001 010 000 000 001 000 000 000 000 000 010 000 010 000 001 000 001 100 000 010 100 010 100 001 010 001 000 100 010 001 000 100 010 100 100 000 010 000 100 000 010 100 010 010 100 010 100 010 000 010 000 010 000 010 
With Comm. Vol:  3
