44664
  100  010  001  100  010  001  100  010  001  111  100  001  010  010  001  100  100  001  010  010  001  100  100  001  010  010  001  100  010  001  100  001  010  001  100  001  001  001  010  001  100  001  001  001  010  001  001  001  001  100  100  010  010  001  010  010  100  010  010  001  010  010  010  010  010  010  100  100  001  100  010  100  100  100  001  100  010  100  100  100  100  100  001  010  100  001  001  001  001  010  001  001  001  001  100  100  010  001  010  010  010  010  010  010  010  100  100  001  100  010  100  100  100  100  100  001  010  001  001  001  001  100  010  010  010  010  100  100  100  100 CV: 2 : 0   
n4c5-b11

Number of Processors: 3  Value epsilon : 0.03
Max partition size: 41

Number of Partitions aborted: 86458
Time taken: 66.585sec

The best solution found so far is:  100 010 001 100 010 001 100 010 001 111 100 001 010 010 001 100 100 001 010 010 001 100 100 001 010 010 001 100 010 001 100 001 010 001 100 001 001 001 010 001 100 001 001 001 010 001 001 001 001 100 100 010 010 001 010 010 100 010 010 001 010 010 010 010 010 010 100 100 001 100 010 100 100 100 001 100 010 100 100 100 100 100 001 010 100 001 001 001 001 010 001 001 001 001 100 100 010 001 010 010 010 010 010 010 010 100 100 001 100 010 100 100 100 100 100 001 010 001 001 001 001 100 010 010 010 010 100 100 100 100 
With Comm. Vol:  2
