%% nnz, p, Max, CV
%%Number of nonzeros per processor(s)
48 3 16 9
14 12 0 16 2 4 0 
1 2 1 
1 3 1 
1 6 0 
1 10 0 
2 4 0 
2 6 0 
2 8 0 
3 1 1 
3 2 1 
3 4 0 
3 5 1 
3 6 0 
3 7 1 
3 8 0 
3 10 0 
4 7 3 
4 8 3 
5 2 3 
5 4 4 
5 6 0 
5 7 3 
5 8 4 
5 10 0 
6 2 5 
6 4 3 
6 5 1 
6 7 5 
6 8 3 
7 4 3 
7 8 3 
7 9 3 
7 11 3 
8 2 3 
8 4 3 
8 7 3 
8 11 3 
9 2 5 
9 3 1 
9 7 5 
9 8 3 
9 11 3 
10 1 1 
10 2 1 
10 3 1 
10 5 1 
11 4 0 
11 6 0 
11 8 0 
%% nnz, p, Max, CV
%%Number of nonzeros per processor(s)
48 3 16 9
14 12 0 16 2 4 0 
1 2 1 
1 3 1 
1 6 0 
1 10 0 
2 4 0 
2 6 0 
2 8 0 
3 1 1 
3 2 1 
3 4 0 
3 5 1 
3 6 0 
3 7 1 
3 8 0 
3 10 0 
4 7 3 
4 8 3 
5 2 3 
5 4 4 
5 6 0 
5 7 3 
5 8 4 
5 10 0 
6 2 5 
6 4 3 
6 5 1 
6 7 5 
6 8 3 
7 4 3 
7 8 3 
7 9 3 
7 11 3 
8 2 3 
8 4 3 
8 7 3 
8 11 3 
9 2 5 
9 3 1 
9 7 5 
9 8 3 
9 11 3 
10 1 1 
10 2 1 
10 3 1 
10 5 1 
11 4 0 
11 6 0 
11 8 0 
%% nnz, p, Max, CV
%%Number of nonzeros per processor(s)
48 3 16 9
14 12 0 16 2 4 0 
1 2 1 
1 3 1 
1 6 0 
1 10 0 
2 4 0 
2 6 0 
2 8 0 
3 1 1 
3 2 1 
3 4 0 
3 5 1 
3 6 0 
3 7 1 
3 8 0 
3 10 0 
4 7 3 
4 8 3 
5 2 3 
5 4 4 
5 6 0 
5 7 3 
5 8 4 
5 10 0 
6 2 5 
6 4 3 
6 5 1 
6 7 5 
6 8 3 
7 4 3 
7 8 3 
7 9 3 
7 11 3 
8 2 3 
8 4 3 
8 7 3 
8 11 3 
9 2 5 
9 3 1 
9 7 5 
9 8 3 
9 11 3 
10 1 1 
10 2 1 
10 3 1 
10 5 1 
11 4 0 
11 6 0 
11 8 0 
