%% nnz, p, Max, CV
%%Number of nonzeros per processor(s)
76 3 26 11
24 25 2 25 0 0 0 
1 1 0 
1 7 0 
1 10 0 
1 11 0 
2 2 1 
2 3 1 
2 4 1 
2 10 1 
2 11 1 
3 2 1 
3 3 1 
3 4 1 
3 10 1 
3 11 1 
4 2 1 
4 3 1 
4 4 1 
4 10 1 
4 11 1 
5 2 3 
5 3 3 
5 4 3 
5 5 3 
5 6 3 
6 2 3 
6 3 3 
6 4 3 
6 5 3 
6 6 3 
7 2 1 
7 3 1 
7 4 1 
7 5 1 
7 6 1 
8 2 3 
8 3 3 
8 4 3 
8 5 3 
8 6 3 
8 7 0 
8 8 0 
8 10 0 
8 11 0 
9 1 0 
9 2 1 
9 3 1 
9 4 1 
9 5 1 
9 6 1 
9 7 0 
9 8 0 
9 9 0 
9 10 2 
9 11 2 
10 1 0 
10 2 3 
10 3 3 
10 4 3 
10 5 3 
10 6 3 
10 7 0 
10 8 0 
10 9 0 
10 10 0 
10 11 0 
11 1 0 
11 2 3 
11 3 3 
11 4 3 
11 5 3 
11 6 3 
11 7 0 
11 8 0 
11 9 0 
11 10 0 
11 11 0 
%% nnz, p, Max, CV
%%Number of nonzeros per processor(s)
76 3 26 11
24 25 2 25 0 0 0 
1 1 0 
1 7 0 
1 10 0 
1 11 0 
2 2 1 
2 3 1 
2 4 1 
2 10 1 
2 11 1 
3 2 1 
3 3 1 
3 4 1 
3 10 1 
3 11 1 
4 2 1 
4 3 1 
4 4 1 
4 10 1 
4 11 1 
5 2 3 
5 3 3 
5 4 3 
5 5 3 
5 6 3 
6 2 3 
6 3 3 
6 4 3 
6 5 3 
6 6 3 
7 2 1 
7 3 1 
7 4 1 
7 5 1 
7 6 1 
8 2 3 
8 3 3 
8 4 3 
8 5 3 
8 6 3 
8 7 0 
8 8 0 
8 10 0 
8 11 0 
9 1 0 
9 2 1 
9 3 1 
9 4 1 
9 5 1 
9 6 1 
9 7 0 
9 8 0 
9 9 0 
9 10 2 
9 11 2 
10 1 0 
10 2 3 
10 3 3 
10 4 3 
10 5 3 
10 6 3 
10 7 0 
10 8 0 
10 9 0 
10 10 0 
10 11 0 
11 1 0 
11 2 3 
11 3 3 
11 4 3 
11 5 3 
11 6 3 
11 7 0 
11 8 0 
11 9 0 
11 10 0 
11 11 0 
