%% nnz, p, Max, CV
%%Number of nonzeros per processor(s)
37 3 13 2
13 12 0 12 0 0 0 
1 1 1 
1 2 1 
2 3 1 
2 8 1 
3 4 3 
3 9 3 
4 5 3 
4 10 3 
5 6 3 
5 9 3 
6 3 1 
6 7 1 
7 1 1 
7 8 1 
8 2 1 
8 7 1 
9 3 1 
9 5 1 
10 11 3 
10 17 3 
11 12 0 
11 16 0 
12 13 0 
12 18 0 
13 13 0 
13 14 0 
14 15 0 
14 16 0 
14 18 0 
15 12 0 
15 14 0 
16 4 3 
16 17 3 
17 10 3 
17 16 3 
18 12 0 
18 14 0 
%% nnz, p, Max, CV
%%Number of nonzeros per processor(s)
37 3 13 2
13 12 0 12 0 0 0 
1 1 1 
1 2 1 
2 3 1 
2 8 1 
3 4 3 
3 9 3 
4 5 3 
4 10 3 
5 6 3 
5 9 3 
6 3 1 
6 7 1 
7 1 1 
7 8 1 
8 2 1 
8 7 1 
9 3 1 
9 5 1 
10 11 3 
10 17 3 
11 12 0 
11 16 0 
12 13 0 
12 18 0 
13 13 0 
13 14 0 
14 15 0 
14 16 0 
14 18 0 
15 12 0 
15 14 0 
16 4 3 
16 17 3 
17 10 3 
17 16 3 
18 12 0 
18 14 0 
