1802334
  001  001  100  100  010  010  011  100  001  010  100  101  001  001  011  001  100  100  010  010  100  100  010  010  010  100  001  001  001  001  001  100  010  100  001  100  010  100  110  100  110  010  001  001  100  100  010  010  001  001  001  001  101  100  101  100  010  010  011  010 CV: 8 : 0   
3788410
  010  010  001  100  001  010  001  100  001  001  100  100  010  110  011  010  101  100  101  011  001  100  001  010  001  100  010  010  010  010  001  100  001  100  001  100  001  100  001  100  100  010  010  010  100  100  001  010  010  100  010  010  011  001  100  100  001  001  110  010 CV: 7 : 1   
349071
  001  010  001  100  100  010  001  010  001  001  010  010  001  010  001  011  101  100  100  110  001  100  100  010  001  010  001  010  001  010  001  010  001  010  001  010  001  010  100  100  100  100  001  010  100  100  100  100  011  010  001  010  001  001  110  100  101  100  010  010 CV: 6 : 0   
lpi_bgprtr

Number of Processors: 3  Value epsilon : 0.03
Max partition size: 24

Number of Partitions aborted: 503933
Time taken: 204.98sec

The best solution found so far is:  001 010 001 100 100 010 001 010 001 001 010 010 001 010 001 011 101 100 100 110 001 100 100 010 001 010 001 010 001 010 001 010 001 010 001 010 001 010 100 100 100 100 001 010 100 100 100 100 011 010 001 010 001 001 110 100 101 100 010 010 
With Comm. Vol:  6
99237
  010  001  010  100  100  001  010  001  010  010  001  001  010  001  010  011  110  100  100  101  010  100  100  001  010  001  010  001  010  001  010  001  010  001  010  001  010  001  100  100  100  100  010  001  100  100  100  100  011  001  010  001  010  010  101  100  110  100  001  001 CV: 6 : 0   
351129
  001  010  001  100  100  010  001  010  001  001  010  010  001  010  001  011  101  100  100  110  001  100  100  010  001  010  001  010  001  010  001  010  001  010  001  010  001  010  100  100  100  100  001  010  100  100  100  100  011  010  001  010  001  001  110  100  101  100  010  010 CV: 6 : 0   
lpi_bgprtr

Number of Processors: 3  Value epsilon : 0.03
Max partition size: 24

Number of Partitions aborted: 506945
Time taken: 207.09sec

The best solution found so far is:  001 010 001 100 100 010 001 010 001 001 010 010 001 010 001 011 101 100 100 110 001 100 100 010 001 010 001 010 001 010 001 010 001 010 001 010 001 010 100 100 100 100 001 010 100 100 100 100 011 010 001 010 001 001 110 100 101 100 010 010 
With Comm. Vol:  6
349071
  001  010  001  100  100  010  001  010  001  001  010  010  001  010  001  011  101  100  100  110  001  100  100  010  001  010  001  010  001  010  001  010  001  010  001  010  001  010  100  100  100  100  001  010  100  100  100  100  011  010  001  010  001  001  110  100  101  100  010  010 CV: 6 : 0   
lpi_bgprtr

Number of Processors: 3  Value epsilon : 0.03
Max partition size: 24

Number of Partitions aborted: 503933
Time taken: 214.44sec

The best solution found so far is:  001 010 001 100 100 010 001 010 001 001 010 010 001 010 001 011 101 100 100 110 001 100 100 010 001 010 001 010 001 010 001 010 001 010 001 010 001 010 100 100 100 100 001 010 100 100 100 100 011 010 001 010 001 001 110 100 101 100 010 010 
With Comm. Vol:  6
335771
  001  010  001  100  100  010  001  010  001  001  010  010  001  010  001  011  101  100  100  110  001  100  100  010  001  010  001  010  001  010  001  010  001  010  001  010  001  010  100  100  100  100  001  010  100  100  100  100  011  010  001  010  001  001  110  100  101  100  010  010 CV: 6 : 0   
lpi_bgprtr

Number of Processors: 3  Value epsilon : 0.03
Max partition size: 24

Number of Partitions aborted: 489317
Time taken: 209.44sec

The best solution found so far is:  001 010 001 100 100 010 001 010 001 001 010 010 001 010 001 011 101 100 100 110 001 100 100 010 001 010 001 010 001 010 001 010 001 010 001 010 001 010 100 100 100 100 001 010 100 100 100 100 011 010 001 010 001 001 110 100 101 100 010 010 
With Comm. Vol:  6
