7845
  100  100  100  100  110  110  010  010  001  011  001  001  100  100  100  100  100  100  110  100  100  100  100  100  100  100  010  010  010  010  010  010  010  100  011  011  010  010  010  010  010  010  001  001  001  001  001  001  001  001  001  001  001  001  001  001  001  001 CV: 6 : 0   
8272
  100  100  100  100  110  110  011  010  001  011  011  001  100  100  100  100  100  100  100  100  100  100  100  100  100  100  010  010  010  010  010  010  010  010  001  001  010  010  010  010  010  010  001  001  001  001  001  001  001  001  001  010  001  001  001  001  001  001 CV: 5 : 1   
problem

Number of Processors: 3  Value epsilon : 0.03
Max partition size: 29

Number of Partitions aborted: 14529
Time taken: 6.208sec

The best solution found so far is:  100 100 100 100 110 110 011 010 001 011 011 001 100 100 100 100 100 100 100 100 100 100 100 100 100 100 010 010 010 010 010 010 010 010 001 001 010 010 010 010 010 010 001 001 001 001 001 001 001 001 001 010 001 001 001 001 001 001 
With Comm. Vol:  5
6003
  100  100  100  100  110  110  010  010  001  011  001  001  100  100  100  100  100  100  110  100  100  100  100  100  100  100  010  010  010  010  010  010  010  100  011  011  010  010  010  010  010  010  001  001  001  001  001  001  001  001  001  001  001  001  001  001  001  001 CV: 6 : 0   
6430
  100  100  100  100  110  110  011  010  001  011  011  001  100  100  100  100  100  100  100  100  100  100  100  100  100  100  010  010  010  010  010  010  010  010  001  001  010  010  010  010  010  010  001  001  001  001  001  001  001  001  001  010  001  001  001  001  001  001 CV: 5 : 1   
problem

Number of Processors: 3  Value epsilon : 0.03
Max partition size: 29

Number of Partitions aborted: 11205
Time taken: 5.36sec

The best solution found so far is:  100 100 100 100 110 110 011 010 001 011 011 001 100 100 100 100 100 100 100 100 100 100 100 100 100 100 010 010 010 010 010 010 010 010 001 001 010 010 010 010 010 010 001 001 001 001 001 001 001 001 001 010 001 001 001 001 001 001 
With Comm. Vol:  5
6003
  100  100  100  100  110  110  010  010  001  011  001  001  100  100  100  100  100  100  110  100  100  100  100  100  100  100  010  010  010  010  010  010  010  100  011  011  010  010  010  010  010  010  001  001  001  001  001  001  001  001  001  001  001  001  001  001  001  001 CV: 6 : 0   
6430
  100  100  100  100  110  110  011  010  001  011  011  001  100  100  100  100  100  100  100  100  100  100  100  100  100  100  010  010  010  010  010  010  010  010  001  001  010  010  010  010  010  010  001  001  001  001  001  001  001  001  001  010  001  001  001  001  001  001 CV: 5 : 1   
problem

Number of Processors: 3  Value epsilon : 0.03
Max partition size: 29

Number of Partitions aborted: 11205
Time taken: 5.399sec

The best solution found so far is:  100 100 100 100 110 110 011 010 001 011 011 001 100 100 100 100 100 100 100 100 100 100 100 100 100 100 010 010 010 010 010 010 010 010 001 001 010 010 010 010 010 010 001 001 001 001 001 001 001 001 001 010 001 001 001 001 001 001 
With Comm. Vol:  5
6003
  100  100  100  100  110  110  010  010  001  011  001  001  100  100  100  100  100  100  110  100  100  100  100  100  100  100  010  010  010  010  010  010  010  100  011  011  010  010  010  010  010  010  001  001  001  001  001  001  001  001  001  001  001  001  001  001  001  001 CV: 6 : 0   
6430
  100  100  100  100  110  110  011  010  001  011  011  001  100  100  100  100  100  100  100  100  100  100  100  100  100  100  010  010  010  010  010  010  010  010  001  001  010  010  010  010  010  010  001  001  001  001  001  001  001  001  001  010  001  001  001  001  001  001 CV: 5 : 1   
problem

Number of Processors: 3  Value epsilon : 0.03
Max partition size: 29

Number of Partitions aborted: 11205
Time taken: 5.355sec

The best solution found so far is:  100 100 100 100 110 110 011 010 001 011 011 001 100 100 100 100 100 100 100 100 100 100 100 100 100 100 010 010 010 010 010 010 010 010 001 001 010 010 010 010 010 010 001 001 001 001 001 001 001 001 001 010 001 001 001 001 001 001 
With Comm. Vol:  5
6003
  100  100  100  100  110  110  010  010  001  011  001  001  100  100  100  100  100  100  110  100  100  100  100  100  100  100  010  010  010  010  010  010  010  100  011  011  010  010  010  010  010  010  001  001  001  001  001  001  001  001  001  001  001  001  001  001  001  001 CV: 6 : 0   
6430
  100  100  100  100  110  110  011  010  001  011  011  001  100  100  100  100  100  100  100  100  100  100  100  100  100  100  010  010  010  010  010  010  010  010  001  001  010  010  010  010  010  010  001  001  001  001  001  001  001  001  001  010  001  001  001  001  001  001 CV: 5 : 1   
problem

Number of Processors: 3  Value epsilon : 0.03
Max partition size: 29

Number of Partitions aborted: 11205
Time taken: 6.006sec

The best solution found so far is:  100 100 100 100 110 110 011 010 001 011 011 001 100 100 100 100 100 100 100 100 100 100 100 100 100 100 010 010 010 010 010 010 010 010 001 001 010 010 010 010 010 010 001 001 001 001 001 001 001 001 001 010 001 001 001 001 001 001 
With Comm. Vol:  5
7845
  100  100  100  100  110  110  010  010  001  011  001  001  100  100  100  100  100  100  110  100  100  100  100  100  100  100  010  010  010  010  010  010  010  100  011  011  010  010  010  010  010  010  001  001  001  001  001  001  001  001  001  001  001  001  001  001  001  001 CV: 6 : 0   
8272
  100  100  100  100  110  110  011  010  001  011  011  001  100  100  100  100  100  100  100  100  100  100  100  100  100  100  010  010  010  010  010  010  010  010  001  001  010  010  010  010  010  010  001  001  001  001  001  001  001  001  001  010  001  001  001  001  001  001 CV: 5 : 1   
problem

Number of Processors: 3  Value epsilon : 0.03
Max partition size: 29

Number of Partitions aborted: 14529
Time taken: 6.899sec

The best solution found so far is:  100 100 100 100 110 110 011 010 001 011 011 001 100 100 100 100 100 100 100 100 100 100 100 100 100 100 010 010 010 010 010 010 010 010 001 001 010 010 010 010 010 010 001 001 001 001 001 001 001 001 001 010 001 001 001 001 001 001 
With Comm. Vol:  5
7845
  100  100  100  100  110  110  010  010  001  011  001  001  100  100  100  100  100  100  110  100  100  100  100  100  100  100  010  010  010  010  010  010  010  100  011  011  010  010  010  010  010  010  001  001  001  001  001  001  001  001  001  001  001  001  001  001  001  001 CV: 6 : 0   
8272
  100  100  100  100  110  110  011  010  001  011  011  001  100  100  100  100  100  100  100  100  100  100  100  100  100  100  010  010  010  010  010  010  010  010  001  001  010  010  010  010  010  010  001  001  001  001  001  001  001  001  001  010  001  001  001  001  001  001 CV: 5 : 1   
problem

Number of Processors: 3  Value epsilon : 0.03
Max partition size: 29

Number of Partitions aborted: 14529
Time taken: 6.892sec

The best solution found so far is:  100 100 100 100 110 110 011 010 001 011 011 001 100 100 100 100 100 100 100 100 100 100 100 100 100 100 010 010 010 010 010 010 010 010 001 001 010 010 010 010 010 010 001 001 001 001 001 001 001 001 001 010 001 001 001 001 001 001 
With Comm. Vol:  5
6363
  100  100  100  100  110  110  010  010  001  011  001  001  100  100  100  100  100  100  110  100  100  100  100  100  100  100  010  010  010  010  010  010  010  100  011  011  010  010  010  010  010  010  001  001  001  001  001  001  001  001  001  001  001  001  001  001  001  001 CV: 6 : 0   
6790
  100  100  100  100  110  110  011  010  001  011  011  001  100  100  100  100  100  100  100  100  100  100  100  100  100  100  010  010  010  010  010  010  010  010  001  001  010  010  010  010  010  010  001  001  001  001  001  001  001  001  001  010  001  001  001  001  001  001 CV: 5 : 1   
problem

Number of Processors: 3  Value epsilon : 0.03
Max partition size: 29

Number of Partitions aborted: 12030
Time taken: 7.799sec

The best solution found so far is:  100 100 100 100 110 110 011 010 001 011 011 001 100 100 100 100 100 100 100 100 100 100 100 100 100 100 010 010 010 010 010 010 010 010 001 001 010 010 010 010 010 010 001 001 001 001 001 001 001 001 001 010 001 001 001 001 001 001 
With Comm. Vol:  5
7845
  100  100  100  100  110  110  010  010  001  011  001  001  100  100  100  100  100  100  110  100  100  100  100  100  100  100  010  010  010  010  010  010  010  100  011  011  010  010  010  010  010  010  001  001  001  001  001  001  001  001  001  001  001  001  001  001  001  001 CV: 6 : 0   
8272
  100  100  100  100  110  110  011  010  001  011  011  001  100  100  100  100  100  100  100  100  100  100  100  100  100  100  010  010  010  010  010  010  010  010  001  001  010  010  010  010  010  010  001  001  001  001  001  001  001  001  001  010  001  001  001  001  001  001 CV: 5 : 1   
problem

Number of Processors: 3  Value epsilon : 0.03
Max partition size: 29

Number of Partitions aborted: 14529
Time taken: 7.483sec

The best solution found so far is:  100 100 100 100 110 110 011 010 001 011 011 001 100 100 100 100 100 100 100 100 100 100 100 100 100 100 010 010 010 010 010 010 010 010 001 001 010 010 010 010 010 010 001 001 001 001 001 001 001 001 001 010 001 001 001 001 001 001 
With Comm. Vol:  5
