20487574
  100  110  011  100  001  001  100  010  011  000  100  100  001  100  101  010  010  100  010  110  101  011  011  000  101  011  100  010  100  010  001  011  001  010  100  010  010  100  101  001  100  001  100  010  011  011 CV: 14 : 0   
20505868
  100  110  001  100  011  001  100  010  001  000  100  100  001  100  101  010  010  100  010  110  101  001  011  000  101  110  100  011  100  010  001  011  100  010  100  010  010  100  011  001  010  001  100  010  110  011 CV: 13 : 1   
23427566
  010  110  001  010  101  010  010  100  001  000  010  010  001  010  101  100  100  010  100  110  011  001  101  000  011  100  110  011  100  010  001  101  100  010  010  100  010  010  011  001  010  001  010  100  100  101 CV: 12 : 2   
GD02_a

Number of Processors: 3  Value epsilon : 0.03
Max partition size: 29

Number of Partitions aborted: 27628833
Time taken: 10244sec

The best solution found so far is:  010 110 001 010 101 010 010 100 001 000 010 010 001 010 101 100 100 010 100 110 011 001 101 000 011 100 110 011 100 010 001 101 100 010 010 100 010 010 011 001 010 001 010 100 100 101 
With Comm. Vol:  12
