%% nnz, p, Max, CV
%%Number of nonzeros per processor(s)
87 3 29 12
26 27 2 29 3 0 0 
1 15 1 
2 3 0 
2 4 2 
2 5 1 
2 6 0 
2 7 1 
2 9 0 
2 12 1 
2 13 0 
2 14 1 
2 15 1 
2 16 1 
2 18 1 
2 20 1 
2 22 0 
2 23 0 
3 2 3 
3 5 3 
3 8 3 
3 9 3 
3 16 3 
3 23 3 
4 2 1 
4 12 1 
4 20 1 
5 2 3 
5 3 0 
5 9 4 
5 22 0 
5 23 4 
6 2 1 
7 15 1 
8 3 0 
8 9 0 
8 13 0 
9 2 3 
9 5 3 
11 15 1 
11 20 1 
12 4 1 
12 15 1 
13 8 3 
13 9 3 
13 16 3 
14 2 1 
14 15 1 
15 2 3 
15 3 0 
15 4 0 
15 6 0 
15 8 3 
15 10 0 
15 16 3 
15 17 3 
15 19 3 
15 22 0 
15 23 4 
16 3 0 
16 13 0 
17 22 0 
18 15 1 
19 21 0 
19 23 0 
20 2 1 
20 4 2 
20 11 1 
20 15 1 
20 16 1 
20 21 0 
21 15 1 
21 19 3 
21 20 1 
21 23 3 
22 2 3 
22 5 3 
22 9 3 
22 17 3 
22 19 3 
22 23 3 
23 2 3 
23 3 0 
23 5 3 
23 13 0 
23 17 3 
23 19 3 
23 21 0 
23 22 0 
