%% nnz, p, Max, CV
%%Number of nonzeros per processor(s)
86 3 29 5
28 29 0 29 0 0 0 
1 1 0 
1 2 0 
2 3 0 
2 4 0 
2 5 0 
2 6 0 
3 1 0 
3 2 0 
3 7 0 
3 8 0 
3 13 0 
3 14 0 
4 3 0 
4 4 0 
4 5 0 
4 6 0 
4 9 0 
4 10 0 
4 11 0 
4 12 0 
4 13 0 
4 14 0 
5 7 0 
5 8 0 
5 15 1 
5 16 1 
5 21 1 
5 22 1 
6 9 0 
6 10 0 
6 11 0 
6 12 0 
6 17 1 
6 18 1 
6 19 1 
6 20 1 
6 21 1 
6 22 1 
7 15 1 
7 16 1 
7 23 3 
7 24 3 
7 29 1 
7 30 1 
8 17 1 
8 18 1 
8 19 1 
8 20 1 
8 25 1 
8 26 1 
8 27 1 
8 28 1 
8 29 1 
8 30 1 
9 23 3 
9 24 3 
9 31 3 
9 32 3 
9 37 3 
9 38 3 
10 25 1 
10 26 1 
10 27 1 
10 28 1 
10 33 3 
10 34 3 
10 35 3 
10 36 3 
10 37 3 
10 38 3 
11 31 3 
11 32 3 
11 39 3 
11 40 1 
11 45 3 
11 46 3 
12 33 3 
12 34 3 
12 35 3 
12 36 3 
12 41 3 
12 42 3 
12 43 3 
12 44 3 
12 45 3 
12 46 3 
%% nnz, p, Max, CV
%%Number of nonzeros per processor(s)
86 3 29 5
28 29 0 29 0 0 0 
1 1 0 
1 2 0 
2 3 0 
2 4 0 
2 5 0 
2 6 0 
3 1 0 
3 2 0 
3 7 0 
3 8 0 
3 13 0 
3 14 0 
4 3 0 
4 4 0 
4 5 0 
4 6 0 
4 9 0 
4 10 0 
4 11 0 
4 12 0 
4 13 0 
4 14 0 
5 7 0 
5 8 0 
5 15 1 
5 16 1 
5 21 1 
5 22 1 
6 9 0 
6 10 0 
6 11 0 
6 12 0 
6 17 1 
6 18 1 
6 19 1 
6 20 1 
6 21 1 
6 22 1 
7 15 1 
7 16 1 
7 23 3 
7 24 3 
7 29 1 
7 30 1 
8 17 1 
8 18 1 
8 19 1 
8 20 1 
8 25 1 
8 26 1 
8 27 1 
8 28 1 
8 29 1 
8 30 1 
9 23 3 
9 24 3 
9 31 3 
9 32 3 
9 37 3 
9 38 3 
10 25 1 
10 26 1 
10 27 1 
10 28 1 
10 33 3 
10 34 3 
10 35 3 
10 36 3 
10 37 3 
10 38 3 
11 31 3 
11 32 3 
11 39 3 
11 40 1 
11 45 3 
11 46 3 
12 33 3 
12 34 3 
12 35 3 
12 36 3 
12 41 3 
12 42 3 
12 43 3 
12 44 3 
12 45 3 
12 46 3 
%% nnz, p, Max, CV
%%Number of nonzeros per processor(s)
86 3 29 5
28 29 0 29 0 0 0 
1 1 0 
1 2 0 
2 3 0 
2 4 0 
2 5 0 
2 6 0 
3 1 0 
3 2 0 
3 7 0 
3 8 0 
3 13 0 
3 14 0 
4 3 0 
4 4 0 
4 5 0 
4 6 0 
4 9 0 
4 10 0 
4 11 0 
4 12 0 
4 13 0 
4 14 0 
5 7 0 
5 8 0 
5 15 1 
5 16 1 
5 21 1 
5 22 1 
6 9 0 
6 10 0 
6 11 0 
6 12 0 
6 17 1 
6 18 1 
6 19 1 
6 20 1 
6 21 1 
6 22 1 
7 15 1 
7 16 1 
7 23 3 
7 24 3 
7 29 1 
7 30 1 
8 17 1 
8 18 1 
8 19 1 
8 20 1 
8 25 1 
8 26 1 
8 27 1 
8 28 1 
8 29 1 
8 30 1 
9 23 3 
9 24 3 
9 31 3 
9 32 3 
9 37 3 
9 38 3 
10 25 1 
10 26 1 
10 27 1 
10 28 1 
10 33 3 
10 34 3 
10 35 3 
10 36 3 
10 37 3 
10 38 3 
11 31 3 
11 32 3 
11 39 3 
11 40 1 
11 45 3 
11 46 3 
12 33 3 
12 34 3 
12 35 3 
12 36 3 
12 41 3 
12 42 3 
12 43 3 
12 44 3 
12 45 3 
12 46 3 
%% nnz, p, Max, CV
%%Number of nonzeros per processor(s)
86 3 29 5
28 29 0 29 0 0 0 
1 1 0 
1 2 0 
2 3 0 
2 4 0 
2 5 0 
2 6 0 
3 1 0 
3 2 0 
3 7 0 
3 8 0 
3 13 0 
3 14 0 
4 3 0 
4 4 0 
4 5 0 
4 6 0 
4 9 0 
4 10 0 
4 11 0 
4 12 0 
4 13 0 
4 14 0 
5 7 0 
5 8 0 
5 15 1 
5 16 1 
5 21 1 
5 22 1 
6 9 0 
6 10 0 
6 11 0 
6 12 0 
6 17 1 
6 18 1 
6 19 1 
6 20 1 
6 21 1 
6 22 1 
7 15 1 
7 16 1 
7 23 3 
7 24 3 
7 29 1 
7 30 1 
8 17 1 
8 18 1 
8 19 1 
8 20 1 
8 25 1 
8 26 1 
8 27 1 
8 28 1 
8 29 1 
8 30 1 
9 23 3 
9 24 3 
9 31 3 
9 32 3 
9 37 3 
9 38 3 
10 25 1 
10 26 1 
10 27 1 
10 28 1 
10 33 3 
10 34 3 
10 35 3 
10 36 3 
10 37 3 
10 38 3 
11 31 3 
11 32 3 
11 39 3 
11 40 1 
11 45 3 
11 46 3 
12 33 3 
12 34 3 
12 35 3 
12 36 3 
12 41 3 
12 42 3 
12 43 3 
12 44 3 
12 45 3 
12 46 3 
%% nnz, p, Max, CV
%%Number of nonzeros per processor(s)
86 3 29 5
28 29 0 29 0 0 0 
1 1 0 
1 2 0 
2 3 0 
2 4 0 
2 5 0 
2 6 0 
3 1 0 
3 2 0 
3 7 0 
3 8 0 
3 13 0 
3 14 0 
4 3 0 
4 4 0 
4 5 0 
4 6 0 
4 9 0 
4 10 0 
4 11 0 
4 12 0 
4 13 0 
4 14 0 
5 7 0 
5 8 0 
5 15 1 
5 16 1 
5 21 1 
5 22 1 
6 9 0 
6 10 0 
6 11 0 
6 12 0 
6 17 1 
6 18 1 
6 19 1 
6 20 1 
6 21 1 
6 22 1 
7 15 1 
7 16 1 
7 23 3 
7 24 3 
7 29 1 
7 30 1 
8 17 1 
8 18 1 
8 19 1 
8 20 1 
8 25 1 
8 26 1 
8 27 1 
8 28 1 
8 29 1 
8 30 1 
9 23 3 
9 24 3 
9 31 3 
9 32 3 
9 37 3 
9 38 3 
10 25 1 
10 26 1 
10 27 1 
10 28 1 
10 33 3 
10 34 3 
10 35 3 
10 36 3 
10 37 3 
10 38 3 
11 31 3 
11 32 3 
11 39 3 
11 40 1 
11 45 3 
11 46 3 
12 33 3 
12 34 3 
12 35 3 
12 36 3 
12 41 3 
12 42 3 
12 43 3 
12 44 3 
12 45 3 
12 46 3 
%% nnz, p, Max, CV
%%Number of nonzeros per processor(s)
86 3 29 5
28 29 0 29 0 0 0 
1 1 0 
1 2 0 
2 3 0 
2 4 0 
2 5 0 
2 6 0 
3 1 0 
3 2 0 
3 7 0 
3 8 0 
3 13 0 
3 14 0 
4 3 0 
4 4 0 
4 5 0 
4 6 0 
4 9 0 
4 10 0 
4 11 0 
4 12 0 
4 13 0 
4 14 0 
5 7 0 
5 8 0 
5 15 1 
5 16 1 
5 21 1 
5 22 1 
6 9 0 
6 10 0 
6 11 0 
6 12 0 
6 17 1 
6 18 1 
6 19 1 
6 20 1 
6 21 1 
6 22 1 
7 15 1 
7 16 1 
7 23 3 
7 24 3 
7 29 1 
7 30 1 
8 17 1 
8 18 1 
8 19 1 
8 20 1 
8 25 1 
8 26 1 
8 27 1 
8 28 1 
8 29 1 
8 30 1 
9 23 3 
9 24 3 
9 31 3 
9 32 3 
9 37 3 
9 38 3 
10 25 1 
10 26 1 
10 27 1 
10 28 1 
10 33 3 
10 34 3 
10 35 3 
10 36 3 
10 37 3 
10 38 3 
11 31 3 
11 32 3 
11 39 3 
11 40 1 
11 45 3 
11 46 3 
12 33 3 
12 34 3 
12 35 3 
12 36 3 
12 41 3 
12 42 3 
12 43 3 
12 44 3 
12 45 3 
12 46 3 
%% nnz, p, Max, CV
%%Number of nonzeros per processor(s)
86 3 29 5
28 29 0 29 0 0 0 
1 1 0 
1 2 0 
2 3 0 
2 4 0 
2 5 0 
2 6 0 
3 1 0 
3 2 0 
3 7 0 
3 8 0 
3 13 0 
3 14 0 
4 3 0 
4 4 0 
4 5 0 
4 6 0 
4 9 0 
4 10 0 
4 11 0 
4 12 0 
4 13 0 
4 14 0 
5 7 0 
5 8 0 
5 15 1 
5 16 1 
5 21 1 
5 22 1 
6 9 0 
6 10 0 
6 11 0 
6 12 0 
6 17 1 
6 18 1 
6 19 1 
6 20 1 
6 21 1 
6 22 1 
7 15 1 
7 16 1 
7 23 3 
7 24 3 
7 29 1 
7 30 1 
8 17 1 
8 18 1 
8 19 1 
8 20 1 
8 25 1 
8 26 1 
8 27 1 
8 28 1 
8 29 1 
8 30 1 
9 23 3 
9 24 3 
9 31 3 
9 32 3 
9 37 3 
9 38 3 
10 25 1 
10 26 1 
10 27 1 
10 28 1 
10 33 3 
10 34 3 
10 35 3 
10 36 3 
10 37 3 
10 38 3 
11 31 3 
11 32 3 
11 39 3 
11 40 1 
11 45 3 
11 46 3 
12 33 3 
12 34 3 
12 35 3 
12 36 3 
12 41 3 
12 42 3 
12 43 3 
12 44 3 
12 45 3 
12 46 3 
%% nnz, p, Max, CV
%%Number of nonzeros per processor(s)
86 3 29 5
28 29 0 29 0 0 0 
1 1 0 
1 2 0 
2 3 0 
2 4 0 
2 5 0 
2 6 0 
3 1 0 
3 2 0 
3 7 0 
3 8 0 
3 13 0 
3 14 0 
4 3 0 
4 4 0 
4 5 0 
4 6 0 
4 9 0 
4 10 0 
4 11 0 
4 12 0 
4 13 0 
4 14 0 
5 7 0 
5 8 0 
5 15 1 
5 16 1 
5 21 1 
5 22 1 
6 9 0 
6 10 0 
6 11 0 
6 12 0 
6 17 1 
6 18 1 
6 19 1 
6 20 1 
6 21 1 
6 22 1 
7 15 1 
7 16 1 
7 23 3 
7 24 3 
7 29 1 
7 30 1 
8 17 1 
8 18 1 
8 19 1 
8 20 1 
8 25 1 
8 26 1 
8 27 1 
8 28 1 
8 29 1 
8 30 1 
9 23 3 
9 24 3 
9 31 3 
9 32 3 
9 37 3 
9 38 3 
10 25 1 
10 26 1 
10 27 1 
10 28 1 
10 33 3 
10 34 3 
10 35 3 
10 36 3 
10 37 3 
10 38 3 
11 31 3 
11 32 3 
11 39 3 
11 40 1 
11 45 3 
11 46 3 
12 33 3 
12 34 3 
12 35 3 
12 36 3 
12 41 3 
12 42 3 
12 43 3 
12 44 3 
12 45 3 
12 46 3 
%% nnz, p, Max, CV
%%Number of nonzeros per processor(s)
86 3 29 5
28 29 0 29 0 0 0 
1 1 0 
1 2 0 
2 3 0 
2 4 0 
2 5 0 
2 6 0 
3 1 0 
3 2 0 
3 7 0 
3 8 0 
3 13 0 
3 14 0 
4 3 0 
4 4 0 
4 5 0 
4 6 0 
4 9 0 
4 10 0 
4 11 0 
4 12 0 
4 13 0 
4 14 0 
5 7 0 
5 8 0 
5 15 1 
5 16 1 
5 21 1 
5 22 1 
6 9 0 
6 10 0 
6 11 0 
6 12 0 
6 17 1 
6 18 1 
6 19 1 
6 20 1 
6 21 1 
6 22 1 
7 15 1 
7 16 1 
7 23 3 
7 24 3 
7 29 1 
7 30 1 
8 17 1 
8 18 1 
8 19 1 
8 20 1 
8 25 1 
8 26 1 
8 27 1 
8 28 1 
8 29 1 
8 30 1 
9 23 3 
9 24 3 
9 31 3 
9 32 3 
9 37 3 
9 38 3 
10 25 1 
10 26 1 
10 27 1 
10 28 1 
10 33 3 
10 34 3 
10 35 3 
10 36 3 
10 37 3 
10 38 3 
11 31 3 
11 32 3 
11 39 3 
11 40 1 
11 45 3 
11 46 3 
12 33 3 
12 34 3 
12 35 3 
12 36 3 
12 41 3 
12 42 3 
12 43 3 
12 44 3 
12 45 3 
12 46 3 
