%% nnz, p, Max, CV
%%Number of nonzeros per processor(s)
60 3 20 8
20 20 0 20 0 0 0 
1 9 3 
1 10 3 
2 8 0 
2 10 0 
3 7 0 
3 10 0 
4 6 3 
4 10 3 
5 5 3 
5 10 3 
6 4 3 
6 10 3 
7 3 3 
7 10 3 
8 1 0 
8 10 0 
9 8 1 
9 9 1 
10 6 3 
10 9 3 
11 3 3 
11 9 3 
12 1 1 
12 9 1 
13 7 0 
13 8 0 
14 6 0 
14 8 0 
15 5 1 
15 8 1 
16 4 0 
16 8 0 
17 3 1 
17 8 1 
18 2 1 
18 8 1 
19 4 0 
19 7 0 
20 1 0 
20 7 0 
21 5 3 
21 6 3 
22 1 0 
22 6 0 
23 4 3 
23 5 3 
24 2 1 
24 5 1 
25 1 1 
25 5 1 
26 3 3 
26 4 3 
27 1 0 
27 4 0 
28 2 1 
28 3 1 
29 1 1 
29 3 1 
30 1 1 
30 2 1 
%% nnz, p, Max, CV
%%Number of nonzeros per processor(s)
60 3 20 8
20 20 0 20 0 0 0 
1 9 3 
1 10 3 
2 8 0 
2 10 0 
3 7 0 
3 10 0 
4 6 3 
4 10 3 
5 5 3 
5 10 3 
6 4 3 
6 10 3 
7 3 3 
7 10 3 
8 1 0 
8 10 0 
9 8 1 
9 9 1 
10 6 3 
10 9 3 
11 3 3 
11 9 3 
12 1 1 
12 9 1 
13 7 0 
13 8 0 
14 6 0 
14 8 0 
15 5 1 
15 8 1 
16 4 0 
16 8 0 
17 3 1 
17 8 1 
18 2 1 
18 8 1 
19 4 0 
19 7 0 
20 1 0 
20 7 0 
21 5 3 
21 6 3 
22 1 0 
22 6 0 
23 4 3 
23 5 3 
24 2 1 
24 5 1 
25 1 1 
25 5 1 
26 3 3 
26 4 3 
27 1 0 
27 4 0 
28 2 1 
28 3 1 
29 1 1 
29 3 1 
30 1 1 
30 2 1 
%% nnz, p, Max, CV
%%Number of nonzeros per processor(s)
60 3 20 8
20 20 0 20 0 0 0 
1 9 3 
1 10 3 
2 8 0 
2 10 0 
3 7 0 
3 10 0 
4 6 3 
4 10 3 
5 5 3 
5 10 3 
6 4 3 
6 10 3 
7 3 3 
7 10 3 
8 1 0 
8 10 0 
9 8 1 
9 9 1 
10 6 3 
10 9 3 
11 3 3 
11 9 3 
12 1 1 
12 9 1 
13 7 0 
13 8 0 
14 6 0 
14 8 0 
15 5 1 
15 8 1 
16 4 0 
16 8 0 
17 3 1 
17 8 1 
18 2 1 
18 8 1 
19 4 0 
19 7 0 
20 1 0 
20 7 0 
21 5 3 
21 6 3 
22 1 0 
22 6 0 
23 4 3 
23 5 3 
24 2 1 
24 5 1 
25 1 1 
25 5 1 
26 3 3 
26 4 3 
27 1 0 
27 4 0 
28 2 1 
28 3 1 
29 1 1 
29 3 1 
30 1 1 
30 2 1 
%% nnz, p, Max, CV
%%Number of nonzeros per processor(s)
60 3 20 8
20 20 0 20 0 0 0 
1 9 3 
1 10 3 
2 8 0 
2 10 0 
3 7 0 
3 10 0 
4 6 3 
4 10 3 
5 5 3 
5 10 3 
6 4 3 
6 10 3 
7 3 3 
7 10 3 
8 1 0 
8 10 0 
9 8 1 
9 9 1 
10 6 3 
10 9 3 
11 3 3 
11 9 3 
12 1 1 
12 9 1 
13 7 0 
13 8 0 
14 6 0 
14 8 0 
15 5 1 
15 8 1 
16 4 0 
16 8 0 
17 3 1 
17 8 1 
18 2 1 
18 8 1 
19 4 0 
19 7 0 
20 1 0 
20 7 0 
21 5 3 
21 6 3 
22 1 0 
22 6 0 
23 4 3 
23 5 3 
24 2 1 
24 5 1 
25 1 1 
25 5 1 
26 3 3 
26 4 3 
27 1 0 
27 4 0 
28 2 1 
28 3 1 
29 1 1 
29 3 1 
30 1 1 
30 2 1 
%% nnz, p, Max, CV
%%Number of nonzeros per processor(s)
60 3 20 8
20 20 0 20 0 0 0 
1 9 3 
1 10 3 
2 8 0 
2 10 0 
3 7 0 
3 10 0 
4 6 3 
4 10 3 
5 5 3 
5 10 3 
6 4 3 
6 10 3 
7 3 3 
7 10 3 
8 1 0 
8 10 0 
9 8 1 
9 9 1 
10 6 3 
10 9 3 
11 3 3 
11 9 3 
12 1 1 
12 9 1 
13 7 0 
13 8 0 
14 6 0 
14 8 0 
15 5 1 
15 8 1 
16 4 0 
16 8 0 
17 3 1 
17 8 1 
18 2 1 
18 8 1 
19 4 0 
19 7 0 
20 1 0 
20 7 0 
21 5 3 
21 6 3 
22 1 0 
22 6 0 
23 4 3 
23 5 3 
24 2 1 
24 5 1 
25 1 1 
25 5 1 
26 3 3 
26 4 3 
27 1 0 
27 4 0 
28 2 1 
28 3 1 
29 1 1 
29 3 1 
30 1 1 
30 2 1 
%% nnz, p, Max, CV
%%Number of nonzeros per processor(s)
60 3 20 8
20 20 0 20 0 0 0 
1 9 3 
1 10 3 
2 8 0 
2 10 0 
3 7 0 
3 10 0 
4 6 3 
4 10 3 
5 5 3 
5 10 3 
6 4 3 
6 10 3 
7 3 3 
7 10 3 
8 1 0 
8 10 0 
9 8 1 
9 9 1 
10 6 3 
10 9 3 
11 3 3 
11 9 3 
12 1 1 
12 9 1 
13 7 0 
13 8 0 
14 6 0 
14 8 0 
15 5 1 
15 8 1 
16 4 0 
16 8 0 
17 3 1 
17 8 1 
18 2 1 
18 8 1 
19 4 0 
19 7 0 
20 1 0 
20 7 0 
21 5 3 
21 6 3 
22 1 0 
22 6 0 
23 4 3 
23 5 3 
24 2 1 
24 5 1 
25 1 1 
25 5 1 
26 3 3 
26 4 3 
27 1 0 
27 4 0 
28 2 1 
28 3 1 
29 1 1 
29 3 1 
30 1 1 
30 2 1 
%% nnz, p, Max, CV
%%Number of nonzeros per processor(s)
60 3 20 8
20 20 0 20 0 0 0 
1 9 3 
1 10 3 
2 8 0 
2 10 0 
3 7 0 
3 10 0 
4 6 3 
4 10 3 
5 5 3 
5 10 3 
6 4 3 
6 10 3 
7 3 3 
7 10 3 
8 1 0 
8 10 0 
9 8 1 
9 9 1 
10 6 3 
10 9 3 
11 3 3 
11 9 3 
12 1 1 
12 9 1 
13 7 0 
13 8 0 
14 6 0 
14 8 0 
15 5 1 
15 8 1 
16 4 0 
16 8 0 
17 3 1 
17 8 1 
18 2 1 
18 8 1 
19 4 0 
19 7 0 
20 1 0 
20 7 0 
21 5 3 
21 6 3 
22 1 0 
22 6 0 
23 4 3 
23 5 3 
24 2 1 
24 5 1 
25 1 1 
25 5 1 
26 3 3 
26 4 3 
27 1 0 
27 4 0 
28 2 1 
28 3 1 
29 1 1 
29 3 1 
30 1 1 
30 2 1 
