%% nnz, p, Max, CV
%%Number of nonzeros per processor(s)
70 3 24 6
22 24 0 24 0 0 0 
1 7 3 
1 9 3 
1 23 3 
2 8 1 
2 10 1 
2 24 1 
3 1 3 
3 33 3 
3 34 3 
4 2 0 
4 35 0 
4 36 0 
5 3 0 
5 37 0 
5 38 0 
6 4 1 
6 39 1 
6 40 1 
7 5 3 
7 11 3 
7 13 3 
8 6 1 
8 12 1 
8 14 1 
9 11 3 
9 15 3 
9 33 3 
10 13 3 
10 17 3 
10 37 3 
11 12 1 
11 16 1 
11 35 1 
12 14 1 
12 18 1 
12 39 1 
13 7 3 
13 29 3 
13 33 3 
14 8 1 
14 29 1 
14 30 1 
14 35 1 
15 9 3 
15 31 3 
15 37 3 
16 10 1 
16 31 3 
16 32 1 
16 39 1 
17 19 0 
17 25 0 
17 33 3 
17 34 3 
18 20 0 
18 21 0 
18 25 0 
18 26 0 
18 35 0 
18 36 0 
19 21 0 
19 27 0 
19 37 0 
19 38 0 
20 19 0 
20 22 0 
20 27 0 
20 28 0 
20 39 1 
20 40 1 
%% nnz, p, Max, CV
%%Number of nonzeros per processor(s)
70 3 24 6
22 24 0 24 0 0 0 
1 7 3 
1 9 3 
1 23 3 
2 8 1 
2 10 1 
2 24 1 
3 1 3 
3 33 3 
3 34 3 
4 2 0 
4 35 0 
4 36 0 
5 3 0 
5 37 0 
5 38 0 
6 4 1 
6 39 1 
6 40 1 
7 5 3 
7 11 3 
7 13 3 
8 6 1 
8 12 1 
8 14 1 
9 11 3 
9 15 3 
9 33 3 
10 13 3 
10 17 3 
10 37 3 
11 12 1 
11 16 1 
11 35 1 
12 14 1 
12 18 1 
12 39 1 
13 7 3 
13 29 3 
13 33 3 
14 8 1 
14 29 1 
14 30 1 
14 35 1 
15 9 3 
15 31 3 
15 37 3 
16 10 1 
16 31 3 
16 32 1 
16 39 1 
17 19 0 
17 25 0 
17 33 3 
17 34 3 
18 20 0 
18 21 0 
18 25 0 
18 26 0 
18 35 0 
18 36 0 
19 21 0 
19 27 0 
19 37 0 
19 38 0 
20 19 0 
20 22 0 
20 27 0 
20 28 0 
20 39 1 
20 40 1 
%% nnz, p, Max, CV
%%Number of nonzeros per processor(s)
70 3 24 6
22 24 0 24 0 0 0 
1 7 3 
1 9 3 
1 23 3 
2 8 1 
2 10 1 
2 24 1 
3 1 3 
3 33 3 
3 34 3 
4 2 0 
4 35 0 
4 36 0 
5 3 0 
5 37 0 
5 38 0 
6 4 1 
6 39 1 
6 40 1 
7 5 3 
7 11 3 
7 13 3 
8 6 1 
8 12 1 
8 14 1 
9 11 3 
9 15 3 
9 33 3 
10 13 3 
10 17 3 
10 37 3 
11 12 1 
11 16 1 
11 35 1 
12 14 1 
12 18 1 
12 39 1 
13 7 3 
13 29 3 
13 33 3 
14 8 1 
14 29 1 
14 30 1 
14 35 1 
15 9 3 
15 31 3 
15 37 3 
16 10 1 
16 31 3 
16 32 1 
16 39 1 
17 19 0 
17 25 0 
17 33 3 
17 34 3 
18 20 0 
18 21 0 
18 25 0 
18 26 0 
18 35 0 
18 36 0 
19 21 0 
19 27 0 
19 37 0 
19 38 0 
20 19 0 
20 22 0 
20 27 0 
20 28 0 
20 39 1 
20 40 1 
%% nnz, p, Max, CV
%%Number of nonzeros per processor(s)
70 3 24 6
22 24 0 24 0 0 0 
1 7 3 
1 9 3 
1 23 3 
2 8 1 
2 10 1 
2 24 1 
3 1 3 
3 33 3 
3 34 3 
4 2 0 
4 35 0 
4 36 0 
5 3 0 
5 37 0 
5 38 0 
6 4 1 
6 39 1 
6 40 1 
7 5 3 
7 11 3 
7 13 3 
8 6 1 
8 12 1 
8 14 1 
9 11 3 
9 15 3 
9 33 3 
10 13 3 
10 17 3 
10 37 3 
11 12 1 
11 16 1 
11 35 1 
12 14 1 
12 18 1 
12 39 1 
13 7 3 
13 29 3 
13 33 3 
14 8 1 
14 29 1 
14 30 1 
14 35 1 
15 9 3 
15 31 3 
15 37 3 
16 10 1 
16 31 3 
16 32 1 
16 39 1 
17 19 0 
17 25 0 
17 33 3 
17 34 3 
18 20 0 
18 21 0 
18 25 0 
18 26 0 
18 35 0 
18 36 0 
19 21 0 
19 27 0 
19 37 0 
19 38 0 
20 19 0 
20 22 0 
20 27 0 
20 28 0 
20 39 1 
20 40 1 
