%% nnz, p, Max, CV
%%Number of nonzeros per processor(s)
29 4 8 7
8 8 0 7 1 0 0 5 0 0 0 0 0 0 0 
1 2 1 
1 6 1 
2 4 7 
2 8 7 
3 1 3 
3 2 0 
3 4 0 
3 6 3 
3 8 4 
4 2 1 
5 2 1 
5 6 1 
6 2 1 
7 4 7 
7 8 7 
7 9 7 
8 2 0 
8 4 0 
8 11 0 
9 7 0 
9 8 0 
9 11 0 
10 1 3 
10 2 1 
10 3 3 
10 5 1 
11 3 3 
11 6 3 
11 8 3 
%% nnz, p, Max, CV
%%Number of nonzeros per processor(s)
29 4 8 7
8 8 0 7 1 0 0 5 0 0 0 0 0 0 0 
1 2 1 
1 6 1 
2 4 7 
2 8 7 
3 1 3 
3 2 0 
3 4 0 
3 6 3 
3 8 4 
4 2 1 
5 2 1 
5 6 1 
6 2 1 
7 4 7 
7 8 7 
7 9 7 
8 2 0 
8 4 0 
8 11 0 
9 7 0 
9 8 0 
9 11 0 
10 1 3 
10 2 1 
10 3 3 
10 5 1 
11 3 3 
11 6 3 
11 8 3 
%% nnz, p, Max, CV
%%Number of nonzeros per processor(s)
29 4 8 7
8 8 0 7 1 0 0 5 0 0 0 0 0 0 0 
1 2 1 
1 6 1 
2 4 7 
2 8 7 
3 1 3 
3 2 0 
3 4 0 
3 6 3 
3 8 4 
4 2 1 
5 2 1 
5 6 1 
6 2 1 
7 4 7 
7 8 7 
7 9 7 
8 2 0 
8 4 0 
8 11 0 
9 7 0 
9 8 0 
9 11 0 
10 1 3 
10 2 1 
10 3 3 
10 5 1 
11 3 3 
11 6 3 
11 8 3 
%% nnz, p, Max, CV
%%Number of nonzeros per processor(s)
29 4 8 7
8 8 0 7 1 0 0 5 0 0 0 0 0 0 0 
1 2 1 
1 6 1 
2 4 7 
2 8 7 
3 1 3 
3 2 0 
3 4 0 
3 6 3 
3 8 4 
4 2 1 
5 2 1 
5 6 1 
6 2 1 
7 4 7 
7 8 7 
7 9 7 
8 2 0 
8 4 0 
8 11 0 
9 7 0 
9 8 0 
9 11 0 
10 1 3 
10 2 1 
10 3 3 
10 5 1 
11 3 3 
11 6 3 
11 8 3 
%% nnz, p, Max, CV
%%Number of nonzeros per processor(s)
29 4 8 7
8 8 0 7 1 0 0 5 0 0 0 0 0 0 0 
1 2 1 
1 6 1 
2 4 7 
2 8 7 
3 1 3 
3 2 0 
3 4 0 
3 6 3 
3 8 4 
4 2 1 
5 2 1 
5 6 1 
6 2 1 
7 4 7 
7 8 7 
7 9 7 
8 2 0 
8 4 0 
8 11 0 
9 7 0 
9 8 0 
9 11 0 
10 1 3 
10 2 1 
10 3 3 
10 5 1 
11 3 3 
11 6 3 
11 8 3 
