28
  1001  0110  0011  0110  1011  1011  1011  1000  0100  1100  1111  1110  1110  1101  1101  1111  1100  1111 CV: 29 : 0   
3083
  1001  0110  0011  0111  0111  0111  1001  1000  0100  1100  1110  1110  1110  1101  1101  1111  1100  1111 CV: 28 : 1   
4188
  1001  0110  0011  0111  1011  1011  1011  1000  0100  1100  1110  1110  1110  1101  1101  1101  1100  1101 CV: 27 : 2   
24071
  1000  0110  0010  0111  0111  0111  1011  1000  0100  1100  1110  1110  1101  1101  1101  1110  1100  1110 CV: 25 : 3   
24239
  0110  0110  0010  0111  0111  1001  1001  1000  0100  1100  1110  1110  1101  1101  1101  1110  1100  1110 CV: 24 : 4   
0
  0011  0011  0011  0011  0011  0101  1001  1000  0100  1110  1101  1110  1110  1110  1101  1101  1100  1101 CV: 24 : 0   
500028
  0100  0011  0011  0011  0011  0011  1001  1000  0100  1110  1101  1110  1110  1101  1101  1101  1100  1101 CV: 23 : 1   
827431
  0011  0101  1000  0011  0011  0011  0011  1000  0100  1110  1100  1110  1110  1101  1101  1101  1100  1101 CV: 22 : 2   
1972730
  0010  0010  0010  0101  0101  1001  1001  1000  0100  1110  1110  1110  1101  1101  1101  1110  1100  1110 CV: 21 : 3   
0
  0011  0011  0011  0011  0011  0101  1001  1000  0100  1110  1101  1110  1110  1110  1101  1101  1100  1101 CV: 24 : 0   
28
  1001  0110  0011  0110  1011  1011  1011  1000  0100  1100  1111  1110  1110  1101  1101  1111  1100  1111 CV: 29 : 0   
3083
  1001  0110  0011  0111  0111  0111  1001  1000  0100  1100  1110  1110  1110  1101  1101  1111  1100  1111 CV: 28 : 1   
4188
  1001  0110  0011  0111  1011  1011  1011  1000  0100  1100  1110  1110  1110  1101  1101  1101  1100  1101 CV: 27 : 2   
