%% nnz, p, Max, CV
%%Number of nonzeros per processor(s)
37 4 10 3
10 10 0 8 0 0 0 9 0 0 0 0 0 0 0 
1 1 1 
1 2 1 
2 3 1 
2 8 1 
3 4 3 
3 9 3 
4 5 0 
4 10 0 
5 6 3 
5 9 3 
6 3 1 
6 7 1 
7 1 1 
7 8 1 
8 2 1 
8 7 1 
9 3 0 
9 5 0 
10 11 3 
10 17 3 
11 12 7 
11 16 7 
12 13 7 
12 18 0 
13 13 7 
13 14 7 
14 15 0 
14 16 0 
14 18 0 
15 12 7 
15 14 7 
16 4 3 
16 17 3 
17 10 0 
17 16 0 
18 12 7 
18 14 7 
%% nnz, p, Max, CV
%%Number of nonzeros per processor(s)
37 4 10 3
10 10 0 8 0 0 0 9 0 0 0 0 0 0 0 
1 1 1 
1 2 1 
2 3 1 
2 8 1 
3 4 3 
3 9 3 
4 5 0 
4 10 0 
5 6 3 
5 9 3 
6 3 1 
6 7 1 
7 1 1 
7 8 1 
8 2 1 
8 7 1 
9 3 0 
9 5 0 
10 11 3 
10 17 3 
11 12 7 
11 16 7 
12 13 7 
12 18 0 
13 13 7 
13 14 7 
14 15 0 
14 16 0 
14 18 0 
15 12 7 
15 14 7 
16 4 3 
16 17 3 
17 10 0 
17 16 0 
18 12 7 
18 14 7 
