2439
  0100  0001  0010  0010  0001  0001  0001  0001  0001  0100  0001  0100  0001  1100  0001  0100  0001  0100  0001  0100  0100  0000  1100  0001  0000  0010  1000  0001  0010  0010  0010  1000  1000  0010  0010  0010  0001  0010  0010  0100  0001  0001  0001  0001  0100  0001  0100  1000  0001  0001  0100  0001  0100  0000  0100  0001  1000  1000  0100  1000  0001  1000  0001  0010  1000  0010  0010  0010  0010  0010  0010  0010 CV: 2 : 0   
GD95_a

Number of Processors: 4  Value epsilon : 0.03
Max partition size: 15

Number of Partitions aborted: 2571
Time taken: 2.916sec

The best solution found so far is:  0100 0001 0010 0010 0001 0001 0001 0001 0001 0100 0001 0100 0001 1100 0001 0100 0001 0100 0001 0100 0100 0000 1100 0001 0000 0010 1000 0001 0010 0010 0010 1000 1000 0010 0010 0010 0001 0010 0010 0100 0001 0001 0001 0001 0100 0001 0100 1000 0001 0001 0100 0001 0100 0000 0100 0001 1000 1000 0100 1000 0001 1000 0001 0010 1000 0010 0010 0010 0010 0010 0010 0010 
With Comm. Vol:  2
2439
  0100  0001  0010  0010  0001  0001  0001  0001  0001  0100  0001  0100  0001  1100  0001  0100  0001  0100  0001  0100  0100  0000  1100  0001  0000  0010  1000  0001  0010  0010  0010  1000  1000  0010  0010  0010  0001  0010  0010  0100  0001  0001  0001  0001  0100  0001  0100  1000  0001  0001  0100  0001  0100  0000  0100  0001  1000  1000  0100  1000  0001  1000  0001  0010  1000  0010  0010  0010  0010  0010  0010  0010 CV: 2 : 0   
GD95_a

Number of Processors: 4  Value epsilon : 0.03
Max partition size: 15

Number of Partitions aborted: 2571
Time taken: 2.362sec

The best solution found so far is:  0100 0001 0010 0010 0001 0001 0001 0001 0001 0100 0001 0100 0001 1100 0001 0100 0001 0100 0001 0100 0100 0000 1100 0001 0000 0010 1000 0001 0010 0010 0010 1000 1000 0010 0010 0010 0001 0010 0010 0100 0001 0001 0001 0001 0100 0001 0100 1000 0001 0001 0100 0001 0100 0000 0100 0001 1000 1000 0100 1000 0001 1000 0001 0010 1000 0010 0010 0010 0010 0010 0010 0010 
With Comm. Vol:  2
