2672375
  1000  0100  0010  0001  0011  1100  0100  0011  0011  1010  0101  0110  1010  1000  0110  1000  0001  1001  0101  0100  0010  0001 CV: 11 : 0   
2789318
  1000  0100  0010  0100  0011  1100  0001  0010  1100  1010  0001  1010  1010  1000  0111  1000  0001  0100  0101  0001  0011  0010 CV: 10 : 1   
2800371
  1000  0100  0010  0100  0011  1100  0001  0011  1100  1010  0001  1010  1010  1000  0101  1000  0001  0100  0101  0001  0010  0010 CV: 9 : 2   
Tina_AskCog

Number of Processors: 4  Value epsilon : 0.03
Max partition size: 9

Number of Partitions aborted: 3849445
Time taken: 1903sec

The best solution found so far is:  1000 0100 0010 0100 0011 1100 0001 0011 1100 1010 0001 1010 1010 1000 0101 1000 0001 0100 0101 0001 0010 0010 
With Comm. Vol:  9
2672375
  1000  0100  0010  0001  0011  1100  0100  0011  0011  1010  0101  0110  1010  1000  0110  1000  0001  1001  0101  0100  0010  0001 CV: 11 : 0   
2789318
  1000  0100  0010  0100  0011  1100  0001  0010  1100  1010  0001  1010  1010  1000  0111  1000  0001  0100  0101  0001  0011  0010 CV: 10 : 1   
2800371
  1000  0100  0010  0100  0011  1100  0001  0011  1100  1010  0001  1010  1010  1000  0101  1000  0001  0100  0101  0001  0010  0010 CV: 9 : 2   
Tina_AskCog

Number of Processors: 4  Value epsilon : 0.03
Max partition size: 9

Number of Partitions aborted: 3849445
Time taken: 1947.3sec

The best solution found so far is:  1000 0100 0010 0100 0011 1100 0001 0011 1100 1010 0001 1010 1010 1000 0101 1000 0001 0100 0101 0001 0010 0010 
With Comm. Vol:  9
