0
  0100  0101  1011  1011  1011  1011  0000  0000  0000  0000  0000  0000  0000  1100  0000  0101  0110 CV: 12 : 0   
3669
  0100  0101  0101  1010  1010  1011  0000  0000  0000  0000  0000  0000  0000  1100  0000  0111  0111 CV: 11 : 1   
3743
  0100  0101  1001  1001  1010  1010  0000  0000  0000  0000  0000  0000  0000  1100  0000  0111  0111 CV: 10 : 2   
rel3

Number of Processors: 4  Value epsilon : 0.03
Max partition size: 5

Number of Partitions aborted: 1389304
Time taken: 694.04sec

The best solution found so far is:  0100 0101 1001 1001 1010 1010 0000 0000 0000 0000 0000 0000 0000 1100 0000 0111 0111 
With Comm. Vol:  10
