%% nnz, p, Max, CV
%%Number of nonzeros per processor(s)
86 4 22 6
22 22 0 22 0 0 0 20 0 0 0 0 0 0 0 
1 1 1 
1 2 1 
2 3 0 
2 4 0 
2 5 0 
2 6 0 
3 1 1 
3 2 1 
3 7 1 
3 8 1 
3 13 1 
3 14 1 
4 3 0 
4 4 0 
4 5 0 
4 6 0 
4 9 1 
4 10 0 
4 11 0 
4 12 0 
4 13 1 
4 14 1 
5 7 1 
5 8 1 
5 15 1 
5 16 1 
5 21 1 
5 22 1 
6 9 1 
6 10 0 
6 11 0 
6 12 0 
6 17 0 
6 18 0 
6 19 0 
6 20 0 
6 21 1 
6 22 1 
7 15 1 
7 16 1 
7 23 7 
7 24 7 
7 29 7 
7 30 7 
8 17 0 
8 18 0 
8 19 0 
8 20 0 
8 25 7 
8 26 7 
8 27 7 
8 28 7 
8 29 7 
8 30 7 
9 23 7 
9 24 7 
9 31 3 
9 32 3 
9 37 7 
9 38 7 
10 25 7 
10 26 7 
10 27 7 
10 28 7 
10 33 3 
10 34 3 
10 35 3 
10 36 3 
10 37 7 
10 38 7 
11 31 3 
11 32 3 
11 39 3 
11 40 3 
11 45 3 
11 46 3 
12 33 3 
12 34 3 
12 35 3 
12 36 3 
12 41 3 
12 42 3 
12 43 3 
12 44 3 
12 45 3 
12 46 3 
%% nnz, p, Max, CV
%%Number of nonzeros per processor(s)
86 4 22 6
22 22 0 22 0 0 0 20 0 0 0 0 0 0 0 
1 1 1 
1 2 1 
2 3 0 
2 4 0 
2 5 0 
2 6 0 
3 1 1 
3 2 1 
3 7 1 
3 8 1 
3 13 1 
3 14 1 
4 3 0 
4 4 0 
4 5 0 
4 6 0 
4 9 1 
4 10 0 
4 11 0 
4 12 0 
4 13 1 
4 14 1 
5 7 1 
5 8 1 
5 15 1 
5 16 1 
5 21 1 
5 22 1 
6 9 1 
6 10 0 
6 11 0 
6 12 0 
6 17 0 
6 18 0 
6 19 0 
6 20 0 
6 21 1 
6 22 1 
7 15 1 
7 16 1 
7 23 7 
7 24 7 
7 29 7 
7 30 7 
8 17 0 
8 18 0 
8 19 0 
8 20 0 
8 25 7 
8 26 7 
8 27 7 
8 28 7 
8 29 7 
8 30 7 
9 23 7 
9 24 7 
9 31 3 
9 32 3 
9 37 7 
9 38 7 
10 25 7 
10 26 7 
10 27 7 
10 28 7 
10 33 3 
10 34 3 
10 35 3 
10 36 3 
10 37 7 
10 38 7 
11 31 3 
11 32 3 
11 39 3 
11 40 3 
11 45 3 
11 46 3 
12 33 3 
12 34 3 
12 35 3 
12 36 3 
12 41 3 
12 42 3 
12 43 3 
12 44 3 
12 45 3 
12 46 3 
%% nnz, p, Max, CV
%%Number of nonzeros per processor(s)
86 4 22 6
22 22 0 22 0 0 0 20 0 0 0 0 0 0 0 
1 1 1 
1 2 1 
2 3 0 
2 4 0 
2 5 0 
2 6 0 
3 1 1 
3 2 1 
3 7 1 
3 8 1 
3 13 1 
3 14 1 
4 3 0 
4 4 0 
4 5 0 
4 6 0 
4 9 1 
4 10 0 
4 11 0 
4 12 0 
4 13 1 
4 14 1 
5 7 1 
5 8 1 
5 15 1 
5 16 1 
5 21 1 
5 22 1 
6 9 1 
6 10 0 
6 11 0 
6 12 0 
6 17 0 
6 18 0 
6 19 0 
6 20 0 
6 21 1 
6 22 1 
7 15 1 
7 16 1 
7 23 7 
7 24 7 
7 29 7 
7 30 7 
8 17 0 
8 18 0 
8 19 0 
8 20 0 
8 25 7 
8 26 7 
8 27 7 
8 28 7 
8 29 7 
8 30 7 
9 23 7 
9 24 7 
9 31 3 
9 32 3 
9 37 7 
9 38 7 
10 25 7 
10 26 7 
10 27 7 
10 28 7 
10 33 3 
10 34 3 
10 35 3 
10 36 3 
10 37 7 
10 38 7 
11 31 3 
11 32 3 
11 39 3 
11 40 3 
11 45 3 
11 46 3 
12 33 3 
12 34 3 
12 35 3 
12 36 3 
12 41 3 
12 42 3 
12 43 3 
12 44 3 
12 45 3 
12 46 3 
%% nnz, p, Max, CV
%%Number of nonzeros per processor(s)
86 4 22 6
22 22 0 22 0 0 0 20 0 0 0 0 0 0 0 
1 1 1 
1 2 1 
2 3 0 
2 4 0 
2 5 0 
2 6 0 
3 1 1 
3 2 1 
3 7 1 
3 8 1 
3 13 1 
3 14 1 
4 3 0 
4 4 0 
4 5 0 
4 6 0 
4 9 1 
4 10 0 
4 11 0 
4 12 0 
4 13 1 
4 14 1 
5 7 1 
5 8 1 
5 15 1 
5 16 1 
5 21 1 
5 22 1 
6 9 1 
6 10 0 
6 11 0 
6 12 0 
6 17 0 
6 18 0 
6 19 0 
6 20 0 
6 21 1 
6 22 1 
7 15 1 
7 16 1 
7 23 7 
7 24 7 
7 29 7 
7 30 7 
8 17 0 
8 18 0 
8 19 0 
8 20 0 
8 25 7 
8 26 7 
8 27 7 
8 28 7 
8 29 7 
8 30 7 
9 23 7 
9 24 7 
9 31 3 
9 32 3 
9 37 7 
9 38 7 
10 25 7 
10 26 7 
10 27 7 
10 28 7 
10 33 3 
10 34 3 
10 35 3 
10 36 3 
10 37 7 
10 38 7 
11 31 3 
11 32 3 
11 39 3 
11 40 3 
11 45 3 
11 46 3 
12 33 3 
12 34 3 
12 35 3 
12 36 3 
12 41 3 
12 42 3 
12 43 3 
12 44 3 
12 45 3 
12 46 3 
%% nnz, p, Max, CV
%%Number of nonzeros per processor(s)
86 4 22 6
22 22 0 22 0 0 0 20 0 0 0 0 0 0 0 
1 1 1 
1 2 1 
2 3 0 
2 4 0 
2 5 0 
2 6 0 
3 1 1 
3 2 1 
3 7 1 
3 8 1 
3 13 1 
3 14 1 
4 3 0 
4 4 0 
4 5 0 
4 6 0 
4 9 1 
4 10 0 
4 11 0 
4 12 0 
4 13 1 
4 14 1 
5 7 1 
5 8 1 
5 15 1 
5 16 1 
5 21 1 
5 22 1 
6 9 1 
6 10 0 
6 11 0 
6 12 0 
6 17 0 
6 18 0 
6 19 0 
6 20 0 
6 21 1 
6 22 1 
7 15 1 
7 16 1 
7 23 7 
7 24 7 
7 29 7 
7 30 7 
8 17 0 
8 18 0 
8 19 0 
8 20 0 
8 25 7 
8 26 7 
8 27 7 
8 28 7 
8 29 7 
8 30 7 
9 23 7 
9 24 7 
9 31 3 
9 32 3 
9 37 7 
9 38 7 
10 25 7 
10 26 7 
10 27 7 
10 28 7 
10 33 3 
10 34 3 
10 35 3 
10 36 3 
10 37 7 
10 38 7 
11 31 3 
11 32 3 
11 39 3 
11 40 3 
11 45 3 
11 46 3 
12 33 3 
12 34 3 
12 35 3 
12 36 3 
12 41 3 
12 42 3 
12 43 3 
12 44 3 
12 45 3 
12 46 3 
%% nnz, p, Max, CV
%%Number of nonzeros per processor(s)
86 4 22 6
22 22 0 22 0 0 0 20 0 0 0 0 0 0 0 
1 1 1 
1 2 1 
2 3 0 
2 4 0 
2 5 0 
2 6 0 
3 1 1 
3 2 1 
3 7 1 
3 8 1 
3 13 1 
3 14 1 
4 3 0 
4 4 0 
4 5 0 
4 6 0 
4 9 1 
4 10 0 
4 11 0 
4 12 0 
4 13 1 
4 14 1 
5 7 1 
5 8 1 
5 15 1 
5 16 1 
5 21 1 
5 22 1 
6 9 1 
6 10 0 
6 11 0 
6 12 0 
6 17 0 
6 18 0 
6 19 0 
6 20 0 
6 21 1 
6 22 1 
7 15 1 
7 16 1 
7 23 7 
7 24 7 
7 29 7 
7 30 7 
8 17 0 
8 18 0 
8 19 0 
8 20 0 
8 25 7 
8 26 7 
8 27 7 
8 28 7 
8 29 7 
8 30 7 
9 23 7 
9 24 7 
9 31 3 
9 32 3 
9 37 7 
9 38 7 
10 25 7 
10 26 7 
10 27 7 
10 28 7 
10 33 3 
10 34 3 
10 35 3 
10 36 3 
10 37 7 
10 38 7 
11 31 3 
11 32 3 
11 39 3 
11 40 3 
11 45 3 
11 46 3 
12 33 3 
12 34 3 
12 35 3 
12 36 3 
12 41 3 
12 42 3 
12 43 3 
12 44 3 
12 45 3 
12 46 3 
%% nnz, p, Max, CV
%%Number of nonzeros per processor(s)
86 4 22 6
22 22 0 22 0 0 0 20 0 0 0 0 0 0 0 
1 1 1 
1 2 1 
2 3 0 
2 4 0 
2 5 0 
2 6 0 
3 1 1 
3 2 1 
3 7 1 
3 8 1 
3 13 1 
3 14 1 
4 3 0 
4 4 0 
4 5 0 
4 6 0 
4 9 1 
4 10 0 
4 11 0 
4 12 0 
4 13 1 
4 14 1 
5 7 1 
5 8 1 
5 15 1 
5 16 1 
5 21 1 
5 22 1 
6 9 1 
6 10 0 
6 11 0 
6 12 0 
6 17 0 
6 18 0 
6 19 0 
6 20 0 
6 21 1 
6 22 1 
7 15 1 
7 16 1 
7 23 7 
7 24 7 
7 29 7 
7 30 7 
8 17 0 
8 18 0 
8 19 0 
8 20 0 
8 25 7 
8 26 7 
8 27 7 
8 28 7 
8 29 7 
8 30 7 
9 23 7 
9 24 7 
9 31 3 
9 32 3 
9 37 7 
9 38 7 
10 25 7 
10 26 7 
10 27 7 
10 28 7 
10 33 3 
10 34 3 
10 35 3 
10 36 3 
10 37 7 
10 38 7 
11 31 3 
11 32 3 
11 39 3 
11 40 3 
11 45 3 
11 46 3 
12 33 3 
12 34 3 
12 35 3 
12 36 3 
12 41 3 
12 42 3 
12 43 3 
12 44 3 
12 45 3 
12 46 3 
%% nnz, p, Max, CV
%%Number of nonzeros per processor(s)
86 4 22 6
22 22 0 22 0 0 0 20 0 0 0 0 0 0 0 
1 1 1 
1 2 1 
2 3 0 
2 4 0 
2 5 0 
2 6 0 
3 1 1 
3 2 1 
3 7 1 
3 8 1 
3 13 1 
3 14 1 
4 3 0 
4 4 0 
4 5 0 
4 6 0 
4 9 1 
4 10 0 
4 11 0 
4 12 0 
4 13 1 
4 14 1 
5 7 1 
5 8 1 
5 15 1 
5 16 1 
5 21 1 
5 22 1 
6 9 1 
6 10 0 
6 11 0 
6 12 0 
6 17 0 
6 18 0 
6 19 0 
6 20 0 
6 21 1 
6 22 1 
7 15 1 
7 16 1 
7 23 7 
7 24 7 
7 29 7 
7 30 7 
8 17 0 
8 18 0 
8 19 0 
8 20 0 
8 25 7 
8 26 7 
8 27 7 
8 28 7 
8 29 7 
8 30 7 
9 23 7 
9 24 7 
9 31 3 
9 32 3 
9 37 7 
9 38 7 
10 25 7 
10 26 7 
10 27 7 
10 28 7 
10 33 3 
10 34 3 
10 35 3 
10 36 3 
10 37 7 
10 38 7 
11 31 3 
11 32 3 
11 39 3 
11 40 3 
11 45 3 
11 46 3 
12 33 3 
12 34 3 
12 35 3 
12 36 3 
12 41 3 
12 42 3 
12 43 3 
12 44 3 
12 45 3 
12 46 3 
%% nnz, p, Max, CV
%%Number of nonzeros per processor(s)
86 4 22 6
22 22 0 22 0 0 0 20 0 0 0 0 0 0 0 
1 1 1 
1 2 1 
2 3 0 
2 4 0 
2 5 0 
2 6 0 
3 1 1 
3 2 1 
3 7 1 
3 8 1 
3 13 1 
3 14 1 
4 3 0 
4 4 0 
4 5 0 
4 6 0 
4 9 1 
4 10 0 
4 11 0 
4 12 0 
4 13 1 
4 14 1 
5 7 1 
5 8 1 
5 15 1 
5 16 1 
5 21 1 
5 22 1 
6 9 1 
6 10 0 
6 11 0 
6 12 0 
6 17 0 
6 18 0 
6 19 0 
6 20 0 
6 21 1 
6 22 1 
7 15 1 
7 16 1 
7 23 7 
7 24 7 
7 29 7 
7 30 7 
8 17 0 
8 18 0 
8 19 0 
8 20 0 
8 25 7 
8 26 7 
8 27 7 
8 28 7 
8 29 7 
8 30 7 
9 23 7 
9 24 7 
9 31 3 
9 32 3 
9 37 7 
9 38 7 
10 25 7 
10 26 7 
10 27 7 
10 28 7 
10 33 3 
10 34 3 
10 35 3 
10 36 3 
10 37 7 
10 38 7 
11 31 3 
11 32 3 
11 39 3 
11 40 3 
11 45 3 
11 46 3 
12 33 3 
12 34 3 
12 35 3 
12 36 3 
12 41 3 
12 42 3 
12 43 3 
12 44 3 
12 45 3 
12 46 3 
%% nnz, p, Max, CV
%%Number of nonzeros per processor(s)
86 4 22 6
22 22 0 22 0 0 0 20 0 0 0 0 0 0 0 
1 1 1 
1 2 1 
2 3 0 
2 4 0 
2 5 0 
2 6 0 
3 1 1 
3 2 1 
3 7 1 
3 8 1 
3 13 1 
3 14 1 
4 3 0 
4 4 0 
4 5 0 
4 6 0 
4 9 1 
4 10 0 
4 11 0 
4 12 0 
4 13 1 
4 14 1 
5 7 1 
5 8 1 
5 15 1 
5 16 1 
5 21 1 
5 22 1 
6 9 1 
6 10 0 
6 11 0 
6 12 0 
6 17 0 
6 18 0 
6 19 0 
6 20 0 
6 21 1 
6 22 1 
7 15 1 
7 16 1 
7 23 7 
7 24 7 
7 29 7 
7 30 7 
8 17 0 
8 18 0 
8 19 0 
8 20 0 
8 25 7 
8 26 7 
8 27 7 
8 28 7 
8 29 7 
8 30 7 
9 23 7 
9 24 7 
9 31 3 
9 32 3 
9 37 7 
9 38 7 
10 25 7 
10 26 7 
10 27 7 
10 28 7 
10 33 3 
10 34 3 
10 35 3 
10 36 3 
10 37 7 
10 38 7 
11 31 3 
11 32 3 
11 39 3 
11 40 3 
11 45 3 
11 46 3 
12 33 3 
12 34 3 
12 35 3 
12 36 3 
12 41 3 
12 42 3 
12 43 3 
12 44 3 
12 45 3 
12 46 3 
%% nnz, p, Max, CV
%%Number of nonzeros per processor(s)
86 4 22 6
22 22 0 22 0 0 0 20 0 0 0 0 0 0 0 
1 1 1 
1 2 1 
2 3 0 
2 4 0 
2 5 0 
2 6 0 
3 1 1 
3 2 1 
3 7 1 
3 8 1 
3 13 1 
3 14 1 
4 3 0 
4 4 0 
4 5 0 
4 6 0 
4 9 1 
4 10 0 
4 11 0 
4 12 0 
4 13 1 
4 14 1 
5 7 1 
5 8 1 
5 15 1 
5 16 1 
5 21 1 
5 22 1 
6 9 1 
6 10 0 
6 11 0 
6 12 0 
6 17 0 
6 18 0 
6 19 0 
6 20 0 
6 21 1 
6 22 1 
7 15 1 
7 16 1 
7 23 7 
7 24 7 
7 29 7 
7 30 7 
8 17 0 
8 18 0 
8 19 0 
8 20 0 
8 25 7 
8 26 7 
8 27 7 
8 28 7 
8 29 7 
8 30 7 
9 23 7 
9 24 7 
9 31 3 
9 32 3 
9 37 7 
9 38 7 
10 25 7 
10 26 7 
10 27 7 
10 28 7 
10 33 3 
10 34 3 
10 35 3 
10 36 3 
10 37 7 
10 38 7 
11 31 3 
11 32 3 
11 39 3 
11 40 3 
11 45 3 
11 46 3 
12 33 3 
12 34 3 
12 35 3 
12 36 3 
12 41 3 
12 42 3 
12 43 3 
12 44 3 
12 45 3 
12 46 3 
