%% nnz, p, Max, CV
%%Number of nonzeros per processor(s)
120 4 30 2
30 30 0 30 0 0 0 30 0 0 0 0 0 0 0 
1 21 0 
1 40 0 
1 57 0 
1 72 0 
1 85 0 
1 96 0 
1 105 0 
1 112 0 
1 117 0 
1 118 0 
1 119 0 
1 120 0 
2 16 1 
2 35 1 
2 52 1 
2 67 1 
2 80 1 
2 91 1 
2 100 1 
2 107 1 
2 113 1 
2 114 1 
2 115 1 
2 116 1 
3 14 3 
3 33 3 
3 50 3 
3 65 3 
3 78 3 
3 88 3 
3 98 3 
3 106 3 
3 108 3 
3 109 3 
3 110 3 
3 111 3 
4 12 7 
4 31 7 
4 47 7 
4 63 7 
4 75 7 
4 86 7 
4 97 7 
4 99 7 
4 101 7 
4 102 7 
4 103 7 
4 104 7 
5 10 0 
5 29 0 
5 46 0 
5 61 0 
5 74 0 
5 87 0 
5 89 0 
5 90 0 
5 92 0 
5 93 0 
5 94 0 
5 95 0 
6 8 1 
6 27 1 
6 44 1 
6 59 1 
6 73 1 
6 76 1 
6 77 1 
6 79 1 
6 81 1 
6 82 1 
6 83 1 
6 84 1 
7 6 3 
7 25 3 
7 41 3 
7 58 3 
7 60 3 
7 62 3 
7 64 3 
7 66 3 
7 68 3 
7 69 3 
7 70 3 
7 71 3 
8 4 7 
8 23 7 
8 42 7 
8 43 7 
8 45 7 
8 48 7 
8 49 7 
8 51 7 
8 53 7 
8 54 7 
8 55 7 
8 56 7 
9 2 0 
9 22 7 
9 24 0 
9 26 7 
9 28 0 
9 30 7 
9 32 0 
9 34 7 
9 36 0 
9 37 7 
9 38 0 
9 39 7 
10 1 3 
10 3 1 
10 5 3 
10 7 3 
10 9 3 
10 11 3 
10 13 3 
10 15 1 
10 17 1 
10 18 1 
10 19 1 
10 20 1 
%% nnz, p, Max, CV
%%Number of nonzeros per processor(s)
120 4 30 2
30 30 0 30 0 0 0 30 0 0 0 0 0 0 0 
1 21 0 
1 40 0 
1 57 0 
1 72 0 
1 85 0 
1 96 0 
1 105 0 
1 112 0 
1 117 0 
1 118 0 
1 119 0 
1 120 0 
2 16 1 
2 35 1 
2 52 1 
2 67 1 
2 80 1 
2 91 1 
2 100 1 
2 107 1 
2 113 1 
2 114 1 
2 115 1 
2 116 1 
3 14 3 
3 33 3 
3 50 3 
3 65 3 
3 78 3 
3 88 3 
3 98 3 
3 106 3 
3 108 3 
3 109 3 
3 110 3 
3 111 3 
4 12 7 
4 31 7 
4 47 7 
4 63 7 
4 75 7 
4 86 7 
4 97 7 
4 99 7 
4 101 7 
4 102 7 
4 103 7 
4 104 7 
5 10 0 
5 29 0 
5 46 0 
5 61 0 
5 74 0 
5 87 0 
5 89 0 
5 90 0 
5 92 0 
5 93 0 
5 94 0 
5 95 0 
6 8 1 
6 27 1 
6 44 1 
6 59 1 
6 73 1 
6 76 1 
6 77 1 
6 79 1 
6 81 1 
6 82 1 
6 83 1 
6 84 1 
7 6 3 
7 25 3 
7 41 3 
7 58 3 
7 60 3 
7 62 3 
7 64 3 
7 66 3 
7 68 3 
7 69 3 
7 70 3 
7 71 3 
8 4 7 
8 23 7 
8 42 7 
8 43 7 
8 45 7 
8 48 7 
8 49 7 
8 51 7 
8 53 7 
8 54 7 
8 55 7 
8 56 7 
9 2 0 
9 22 7 
9 24 0 
9 26 7 
9 28 0 
9 30 7 
9 32 0 
9 34 7 
9 36 0 
9 37 7 
9 38 0 
9 39 7 
10 1 3 
10 3 1 
10 5 3 
10 7 3 
10 9 3 
10 11 3 
10 13 3 
10 15 1 
10 17 1 
10 18 1 
10 19 1 
10 20 1 
%% nnz, p, Max, CV
%%Number of nonzeros per processor(s)
120 4 30 2
30 30 0 30 0 0 0 30 0 0 0 0 0 0 0 
1 21 0 
1 40 0 
1 57 0 
1 72 0 
1 85 0 
1 96 0 
1 105 0 
1 112 0 
1 117 0 
1 118 0 
1 119 0 
1 120 0 
2 16 1 
2 35 1 
2 52 1 
2 67 1 
2 80 1 
2 91 1 
2 100 1 
2 107 1 
2 113 1 
2 114 1 
2 115 1 
2 116 1 
3 14 3 
3 33 3 
3 50 3 
3 65 3 
3 78 3 
3 88 3 
3 98 3 
3 106 3 
3 108 3 
3 109 3 
3 110 3 
3 111 3 
4 12 7 
4 31 7 
4 47 7 
4 63 7 
4 75 7 
4 86 7 
4 97 7 
4 99 7 
4 101 7 
4 102 7 
4 103 7 
4 104 7 
5 10 0 
5 29 0 
5 46 0 
5 61 0 
5 74 0 
5 87 0 
5 89 0 
5 90 0 
5 92 0 
5 93 0 
5 94 0 
5 95 0 
6 8 1 
6 27 1 
6 44 1 
6 59 1 
6 73 1 
6 76 1 
6 77 1 
6 79 1 
6 81 1 
6 82 1 
6 83 1 
6 84 1 
7 6 3 
7 25 3 
7 41 3 
7 58 3 
7 60 3 
7 62 3 
7 64 3 
7 66 3 
7 68 3 
7 69 3 
7 70 3 
7 71 3 
8 4 7 
8 23 7 
8 42 7 
8 43 7 
8 45 7 
8 48 7 
8 49 7 
8 51 7 
8 53 7 
8 54 7 
8 55 7 
8 56 7 
9 2 0 
9 22 7 
9 24 0 
9 26 7 
9 28 0 
9 30 7 
9 32 0 
9 34 7 
9 36 0 
9 37 7 
9 38 0 
9 39 7 
10 1 3 
10 3 1 
10 5 3 
10 7 3 
10 9 3 
10 11 3 
10 13 3 
10 15 1 
10 17 1 
10 18 1 
10 19 1 
10 20 1 
