174351
  0100  0100  0010  1000  0010  0100  0100  0100  1000  0010  0001  1001  0001  1000  0001  0010  1000  0001  0100  0100  1100  0010  1000  0010  0100  0100  0010  1000  0010  0001  0001  0001  1000  1001  0010  1000 CV: 3 : 0   
GD01_b

Number of Processors: 4  Value epsilon : 0.03
Max partition size: 10

Number of Partitions aborted: 204291
Time taken: 83.148sec

The best solution found so far is:  0100 0100 0010 1000 0010 0100 0100 0100 1000 0010 0001 1001 0001 1000 0001 0010 1000 0001 0100 0100 1100 0010 1000 0010 0100 0100 0010 1000 0010 0001 0001 0001 1000 1001 0010 1000 
With Comm. Vol:  3
174351
  0100  0100  0010  1000  0010  0100  0100  0100  1000  0010  0001  1001  0001  1000  0001  0010  1000  0001  0100  0100  1100  0010  1000  0010  0100  0100  0010  1000  0010  0001  0001  0001  1000  1001  0010  1000 CV: 3 : 0   
GD01_b

Number of Processors: 4  Value epsilon : 0.03
Max partition size: 10

Number of Partitions aborted: 204291
Time taken: 90.879sec

The best solution found so far is:  0100 0100 0010 1000 0010 0100 0100 0100 1000 0010 0001 1001 0001 1000 0001 0010 1000 0001 0100 0100 1100 0010 1000 0010 0100 0100 0010 1000 0010 0001 0001 0001 1000 1001 0010 1000 
With Comm. Vol:  3
