0
  1000  0100  0010  0001  1000  0100  0010  0001  1000  0100  0010  0001  1000  0100  0010  0001  1000  0100  0010  0001  1000  0100  0010  0001  0010  0001  1000  0001  0100  0001  0001  0100  0001  0001  1000  0010  0010  0010  0010  0010  1000  0100  1000  0100  0100  0100  1000  1000  0100  0010  0001  0001  0001  0001  0010  0010  0100  1000  0100  1000  0001  0100  0100  1000  1000  1000  0001  0001  0001  0010  0100  0010  0010  0010  0100  0100  0001  0010  0001  1000  0010  1000  1000  0001  0001  0010  0010  0010  0010  1000  0100  0001  0100  0100  1000  1000  0100  0001  0001  0010  0010  1000  0010  0100  1000  0001  0100  0100  1000  1000  0100  0001  0001  0010  0010  1000  0100  0100  1000  1000 CV: 0 : 0   
ch4-4-b3

Number of Processors: 4  Value epsilon : 0.03
Max partition size: 24

Number of Partitions aborted: 306
Time taken: 0.325sec

The best solution found so far is:  1000 0100 0010 0001 1000 0100 0010 0001 1000 0100 0010 0001 1000 0100 0010 0001 1000 0100 0010 0001 1000 0100 0010 0001 0010 0001 1000 0001 0100 0001 0001 0100 0001 0001 1000 0010 0010 0010 0010 0010 1000 0100 1000 0100 0100 0100 1000 1000 0100 0010 0001 0001 0001 0001 0010 0010 0100 1000 0100 1000 0001 0100 0100 1000 1000 1000 0001 0001 0001 0010 0100 0010 0010 0010 0100 0100 0001 0010 0001 1000 0010 1000 1000 0001 0001 0010 0010 0010 0010 1000 0100 0001 0100 0100 1000 1000 0100 0001 0001 0010 0010 1000 0010 0100 1000 0001 0100 0100 1000 1000 0100 0001 0001 0010 0010 1000 0100 0100 1000 1000 
With Comm. Vol:  0
0
  1000  0100  0010  0001  1000  0100  0010  0001  1000  0100  0010  0001  1000  0100  0010  0001  1000  0100  0010  0001  1000  0100  0010  0001  0010  0001  1000  0001  0100  0001  0001  0100  0001  0001  1000  0010  0010  0010  0010  0010  1000  0100  1000  0100  0100  0100  1000  1000  0100  0010  0001  0001  0001  0001  0010  0010  0100  1000  0100  1000  0001  0100  0100  1000  1000  1000  0001  0001  0001  0010  0100  0010  0010  0010  0100  0100  0001  0010  0001  1000  0010  1000  1000  0001  0001  0010  0010  0010  0010  1000  0100  0001  0100  0100  1000  1000  0100  0001  0001  0010  0010  1000  0010  0100  1000  0001  0100  0100  1000  1000  0100  0001  0001  0010  0010  1000  0100  0100  1000  1000 CV: 0 : 0   
ch4-4-b3

Number of Processors: 4  Value epsilon : 0.03
Max partition size: 24

Number of Partitions aborted: 306
Time taken: 0.324sec

The best solution found so far is:  1000 0100 0010 0001 1000 0100 0010 0001 1000 0100 0010 0001 1000 0100 0010 0001 1000 0100 0010 0001 1000 0100 0010 0001 0010 0001 1000 0001 0100 0001 0001 0100 0001 0001 1000 0010 0010 0010 0010 0010 1000 0100 1000 0100 0100 0100 1000 1000 0100 0010 0001 0001 0001 0001 0010 0010 0100 1000 0100 1000 0001 0100 0100 1000 1000 1000 0001 0001 0001 0010 0100 0010 0010 0010 0100 0100 0001 0010 0001 1000 0010 1000 1000 0001 0001 0010 0010 0010 0010 1000 0100 0001 0100 0100 1000 1000 0100 0001 0001 0010 0010 1000 0010 0100 1000 0001 0100 0100 1000 1000 0100 0001 0001 0010 0010 1000 0100 0100 1000 1000 
With Comm. Vol:  0
0
  1000  0100  0010  0001  1000  0100  0010  0001  1000  0100  0010  0001  1000  0100  0010  0001  1000  0100  0010  0001  1000  0100  0010  0001  0010  0001  1000  0001  0100  0001  0001  0100  0001  0001  1000  0010  0010  0010  0010  0010  1000  0100  1000  0100  0100  0100  1000  1000  0100  0010  0001  0001  0001  0001  0010  0010  0100  1000  0100  1000  0001  0100  0100  1000  1000  1000  0001  0001  0001  0010  0100  0010  0010  0010  0100  0100  0001  0010  0001  1000  0010  1000  1000  0001  0001  0010  0010  0010  0010  1000  0100  0001  0100  0100  1000  1000  0100  0001  0001  0010  0010  1000  0010  0100  1000  0001  0100  0100  1000  1000  0100  0001  0001  0010  0010  1000  0100  0100  1000  1000 CV: 0 : 0   
ch4-4-b3

Number of Processors: 4  Value epsilon : 0.03
Max partition size: 24

Number of Partitions aborted: 306
Time taken: 0.308sec

The best solution found so far is:  1000 0100 0010 0001 1000 0100 0010 0001 1000 0100 0010 0001 1000 0100 0010 0001 1000 0100 0010 0001 1000 0100 0010 0001 0010 0001 1000 0001 0100 0001 0001 0100 0001 0001 1000 0010 0010 0010 0010 0010 1000 0100 1000 0100 0100 0100 1000 1000 0100 0010 0001 0001 0001 0001 0010 0010 0100 1000 0100 1000 0001 0100 0100 1000 1000 1000 0001 0001 0001 0010 0100 0010 0010 0010 0100 0100 0001 0010 0001 1000 0010 1000 1000 0001 0001 0010 0010 0010 0010 1000 0100 0001 0100 0100 1000 1000 0100 0001 0001 0010 0010 1000 0010 0100 1000 0001 0100 0100 1000 1000 0100 0001 0001 0010 0010 1000 0100 0100 1000 1000 
With Comm. Vol:  0
