18026
  1100  0001  0010  0000  1000  0001  0000  0000  0000  1100  0001  0000  0000  0000  0010  0000  0000  0000  0000  0100  0000  0001  0010  0001  0000  0000  0010  0000  0000  0000  0000  0000  1000  0000  0100  0000  0010  0000  0011  1000  0000  0100  0100  0001  1000  0010  0100  0011  0000  1000  0100  0010  0000  1000  0001  0100  1000  0000  0100  0000  1000  0000  0001  0100  0001  0001  0100  1000  0100  1000  0000  1000  0000  0100  0000  1000 CV: 4 : 0   
GD98_a

Number of Processors: 4  Value epsilon : 0.03
Max partition size: 13

Number of Partitions aborted: 18194
Time taken: 14.93sec

The best solution found so far is:  1100 0001 0010 0000 1000 0001 0000 0000 0000 1100 0001 0000 0000 0000 0010 0000 0000 0000 0000 0100 0000 0001 0010 0001 0000 0000 0010 0000 0000 0000 0000 0000 1000 0000 0100 0000 0010 0000 0011 1000 0000 0100 0100 0001 1000 0010 0100 0011 0000 1000 0100 0010 0000 1000 0001 0100 1000 0000 0100 0000 1000 0000 0001 0100 0001 0001 0100 1000 0100 1000 0000 1000 0000 0100 0000 1000 
With Comm. Vol:  4
