%% nnz, p, Max, CV
%%Number of nonzeros per processor(s)
44 4 11 11
11 11 0 11 0 0 0 9 0 0 0 2 0 0 0 
1 1 0 
1 9 0 
2 2 3 
2 9 3 
2 10 3 
3 3 3 
3 9 3 
3 10 3 
3 11 3 
4 4 7 
4 9 3 
4 10 11 
4 11 3 
4 12 7 
5 5 7 
5 9 3 
5 10 11 
5 11 3 
5 12 7 
5 13 7 
6 6 7 
6 9 0 
6 10 7 
6 11 0 
6 12 7 
6 13 7 
6 14 0 
7 7 1 
7 9 0 
7 10 1 
7 11 0 
7 12 1 
7 13 1 
7 14 0 
7 15 1 
8 8 1 
8 9 0 
8 10 1 
8 11 0 
8 12 1 
8 13 1 
8 14 0 
8 15 1 
8 16 1 
%% nnz, p, Max, CV
%%Number of nonzeros per processor(s)
44 4 11 11
11 11 0 11 0 0 0 9 0 0 0 2 0 0 0 
1 1 0 
1 9 0 
2 2 3 
2 9 3 
2 10 3 
3 3 3 
3 9 3 
3 10 3 
3 11 3 
4 4 7 
4 9 3 
4 10 11 
4 11 3 
4 12 7 
5 5 7 
5 9 3 
5 10 11 
5 11 3 
5 12 7 
5 13 7 
6 6 7 
6 9 0 
6 10 7 
6 11 0 
6 12 7 
6 13 7 
6 14 0 
7 7 1 
7 9 0 
7 10 1 
7 11 0 
7 12 1 
7 13 1 
7 14 0 
7 15 1 
8 8 1 
8 9 0 
8 10 1 
8 11 0 
8 12 1 
8 13 1 
8 14 0 
8 15 1 
8 16 1 
