759615
  0100  1000  0100  1100  0100  1100  0101  1001  0011  0011  0010  0010  0100  0100  1000  1000  1000  1000  0100  0100  0100  1000  1000  1000  0100  0100  0100  0100  1000  1000  1000  1000  0100  0100  0001  0001  0001  0001  0001  0001  0001  0001  0010  0010  0010  0010  0010  0010  0001  0001  0010  0010  0010  0010  0010  0010  0010  0010 CV: 6 : 0   
problem

Number of Processors: 4  Value epsilon : 0.03
Max partition size: 22

Number of Partitions aborted: 809560
Time taken: 431.13sec

The best solution found so far is:  0100 1000 0100 1100 0100 1100 0101 1001 0011 0011 0010 0010 0100 0100 1000 1000 1000 1000 0100 0100 0100 1000 1000 1000 0100 0100 0100 0100 1000 1000 1000 1000 0100 0100 0001 0001 0001 0001 0001 0001 0001 0001 0010 0010 0010 0010 0010 0010 0001 0001 0010 0010 0010 0010 0010 0010 0010 0010 
With Comm. Vol:  6
759615
  0100  1000  0100  1100  0100  1100  0101  1001  0011  0011  0010  0010  0100  0100  1000  1000  1000  1000  0100  0100  0100  1000  1000  1000  0100  0100  0100  0100  1000  1000  1000  1000  0100  0100  0001  0001  0001  0001  0001  0001  0001  0001  0010  0010  0010  0010  0010  0010  0001  0001  0010  0010  0010  0010  0010  0010  0010  0010 CV: 6 : 0   
problem

Number of Processors: 4  Value epsilon : 0.03
Max partition size: 22

Number of Partitions aborted: 809560
Time taken: 426.65sec

The best solution found so far is:  0100 1000 0100 1100 0100 1100 0101 1001 0011 0011 0010 0010 0100 0100 1000 1000 1000 1000 0100 0100 0100 1000 1000 1000 0100 0100 0100 0100 1000 1000 1000 1000 0100 0100 0001 0001 0001 0001 0001 0001 0001 0001 0010 0010 0010 0010 0010 0010 0001 0001 0010 0010 0010 0010 0010 0010 0010 0010 
With Comm. Vol:  6
646225
  0100  1000  0100  1100  0100  1100  0101  1001  0011  0011  0010  0010  0100  0100  1000  1000  1000  1000  0100  0100  0100  1000  1000  1000  0100  0100  0100  0100  1000  1000  1000  1000  0100  0100  0001  0001  0001  0001  0001  0001  0001  0001  0010  0010  0010  0010  0010  0010  0001  0001  0010  0010  0010  0010  0010  0010  0010  0010 CV: 6 : 0   
problem

Number of Processors: 4  Value epsilon : 0.03
Max partition size: 22

Number of Partitions aborted: 690550
Time taken: 381.3sec

The best solution found so far is:  0100 1000 0100 1100 0100 1100 0101 1001 0011 0011 0010 0010 0100 0100 1000 1000 1000 1000 0100 0100 0100 1000 1000 1000 0100 0100 0100 0100 1000 1000 1000 1000 0100 0100 0001 0001 0001 0001 0001 0001 0001 0001 0010 0010 0010 0010 0010 0010 0001 0001 0010 0010 0010 0010 0010 0010 0010 0010 
With Comm. Vol:  6
566634
  0100  1000  0100  1100  0100  1100  0101  1001  0011  0011  0010  0010  0100  0100  1000  1000  1000  1000  0100  0100  0100  1000  1000  1000  0100  0100  0100  0100  1000  1000  1000  1000  0100  0100  0001  0001  0001  0001  0001  0001  0001  0001  0010  0010  0010  0010  0010  0010  0001  0001  0010  0010  0010  0010  0010  0010  0010  0010 CV: 6 : 0   
problem

Number of Processors: 4  Value epsilon : 0.03
Max partition size: 22

Number of Partitions aborted: 598057
Time taken: 322.88sec

The best solution found so far is:  0100 1000 0100 1100 0100 1100 0101 1001 0011 0011 0010 0010 0100 0100 1000 1000 1000 1000 0100 0100 0100 1000 1000 1000 0100 0100 0100 0100 1000 1000 1000 1000 0100 0100 0001 0001 0001 0001 0001 0001 0001 0001 0010 0010 0010 0010 0010 0010 0001 0001 0010 0010 0010 0010 0010 0010 0010 0010 
With Comm. Vol:  6
646225
  0100  1000  0100  1100  0100  1100  0101  1001  0011  0011  0010  0010  0100  0100  1000  1000  1000  1000  0100  0100  0100  1000  1000  1000  0100  0100  0100  0100  1000  1000  1000  1000  0100  0100  0001  0001  0001  0001  0001  0001  0001  0001  0010  0010  0010  0010  0010  0010  0001  0001  0010  0010  0010  0010  0010  0010  0010  0010 CV: 6 : 0   
problem

Number of Processors: 4  Value epsilon : 0.03
Max partition size: 22

Number of Partitions aborted: 690550
Time taken: 369.2sec

The best solution found so far is:  0100 1000 0100 1100 0100 1100 0101 1001 0011 0011 0010 0010 0100 0100 1000 1000 1000 1000 0100 0100 0100 1000 1000 1000 0100 0100 0100 0100 1000 1000 1000 1000 0100 0100 0001 0001 0001 0001 0001 0001 0001 0001 0010 0010 0010 0010 0010 0010 0001 0001 0010 0010 0010 0010 0010 0010 0010 0010 
With Comm. Vol:  6
646225
  0100  1000  0100  1100  0100  1100  0101  1001  0011  0011  0010  0010  0100  0100  1000  1000  1000  1000  0100  0100  0100  1000  1000  1000  0100  0100  0100  0100  1000  1000  1000  1000  0100  0100  0001  0001  0001  0001  0001  0001  0001  0001  0010  0010  0010  0010  0010  0010  0001  0001  0010  0010  0010  0010  0010  0010  0010  0010 CV: 6 : 0   
problem

Number of Processors: 4  Value epsilon : 0.03
Max partition size: 22

Number of Partitions aborted: 690550
Time taken: 387.14sec

The best solution found so far is:  0100 1000 0100 1100 0100 1100 0101 1001 0011 0011 0010 0010 0100 0100 1000 1000 1000 1000 0100 0100 0100 1000 1000 1000 0100 0100 0100 0100 1000 1000 1000 1000 0100 0100 0001 0001 0001 0001 0001 0001 0001 0001 0010 0010 0010 0010 0010 0010 0001 0001 0010 0010 0010 0010 0010 0010 0010 0010 
With Comm. Vol:  6
646225
  0100  1000  0100  1100  0100  1100  0101  1001  0011  0011  0010  0010  0100  0100  1000  1000  1000  1000  0100  0100  0100  1000  1000  1000  0100  0100  0100  0100  1000  1000  1000  1000  0100  0100  0001  0001  0001  0001  0001  0001  0001  0001  0010  0010  0010  0010  0010  0010  0001  0001  0010  0010  0010  0010  0010  0010  0010  0010 CV: 6 : 0   
problem

Number of Processors: 4  Value epsilon : 0.03
Max partition size: 22

Number of Partitions aborted: 690550
Time taken: 378.1sec

The best solution found so far is:  0100 1000 0100 1100 0100 1100 0101 1001 0011 0011 0010 0010 0100 0100 1000 1000 1000 1000 0100 0100 0100 1000 1000 1000 0100 0100 0100 0100 1000 1000 1000 1000 0100 0100 0001 0001 0001 0001 0001 0001 0001 0001 0010 0010 0010 0010 0010 0010 0001 0001 0010 0010 0010 0010 0010 0010 0010 0010 
With Comm. Vol:  6
646225
  0100  1000  0100  1100  0100  1100  0101  1001  0011  0011  0010  0010  0100  0100  1000  1000  1000  1000  0100  0100  0100  1000  1000  1000  0100  0100  0100  0100  1000  1000  1000  1000  0100  0100  0001  0001  0001  0001  0001  0001  0001  0001  0010  0010  0010  0010  0010  0010  0001  0001  0010  0010  0010  0010  0010  0010  0010  0010 CV: 6 : 0   
problem

Number of Processors: 4  Value epsilon : 0.03
Max partition size: 22

Number of Partitions aborted: 690550
Time taken: 373.44sec

The best solution found so far is:  0100 1000 0100 1100 0100 1100 0101 1001 0011 0011 0010 0010 0100 0100 1000 1000 1000 1000 0100 0100 0100 1000 1000 1000 0100 0100 0100 0100 1000 1000 1000 1000 0100 0100 0001 0001 0001 0001 0001 0001 0001 0001 0010 0010 0010 0010 0010 0010 0001 0001 0010 0010 0010 0010 0010 0010 0010 0010 
With Comm. Vol:  6
646225
  0100  1000  0100  1100  0100  1100  0101  1001  0011  0011  0010  0010  0100  0100  1000  1000  1000  1000  0100  0100  0100  1000  1000  1000  0100  0100  0100  0100  1000  1000  1000  1000  0100  0100  0001  0001  0001  0001  0001  0001  0001  0001  0010  0010  0010  0010  0010  0010  0001  0001  0010  0010  0010  0010  0010  0010  0010  0010 CV: 6 : 0   
problem

Number of Processors: 4  Value epsilon : 0.03
Max partition size: 22

Number of Partitions aborted: 690550
Time taken: 374.14sec

The best solution found so far is:  0100 1000 0100 1100 0100 1100 0101 1001 0011 0011 0010 0010 0100 0100 1000 1000 1000 1000 0100 0100 0100 1000 1000 1000 0100 0100 0100 0100 1000 1000 1000 1000 0100 0100 0001 0001 0001 0001 0001 0001 0001 0001 0010 0010 0010 0010 0010 0010 0001 0001 0010 0010 0010 0010 0010 0010 0010 0010 
With Comm. Vol:  6
759615
  0100  1000  0100  1100  0100  1100  0101  1001  0011  0011  0010  0010  0100  0100  1000  1000  1000  1000  0100  0100  0100  1000  1000  1000  0100  0100  0100  0100  1000  1000  1000  1000  0100  0100  0001  0001  0001  0001  0001  0001  0001  0001  0010  0010  0010  0010  0010  0010  0001  0001  0010  0010  0010  0010  0010  0010  0010  0010 CV: 6 : 0   
problem

Number of Processors: 4  Value epsilon : 0.03
Max partition size: 22

Number of Partitions aborted: 809560
Time taken: 450.52sec

The best solution found so far is:  0100 1000 0100 1100 0100 1100 0101 1001 0011 0011 0010 0010 0100 0100 1000 1000 1000 1000 0100 0100 0100 1000 1000 1000 0100 0100 0100 0100 1000 1000 1000 1000 0100 0100 0001 0001 0001 0001 0001 0001 0001 0001 0010 0010 0010 0010 0010 0010 0001 0001 0010 0010 0010 0010 0010 0010 0010 0010 
With Comm. Vol:  6
730732
  0100  1000  0100  1100  0100  1100  0101  1001  0011  0011  0010  0010  0100  0100  1000  1000  1000  1000  0100  0100  0100  1000  1000  1000  0100  0100  0100  0100  1000  1000  1000  1000  0100  0100  0001  0001  0001  0001  0001  0001  0001  0001  0010  0010  0010  0010  0010  0010  0001  0001  0010  0010  0010  0010  0010  0010  0010  0010 CV: 6 : 0   
problem

Number of Processors: 4  Value epsilon : 0.03
Max partition size: 22

Number of Partitions aborted: 769263
Time taken: 459.88sec

The best solution found so far is:  0100 1000 0100 1100 0100 1100 0101 1001 0011 0011 0010 0010 0100 0100 1000 1000 1000 1000 0100 0100 0100 1000 1000 1000 0100 0100 0100 0100 1000 1000 1000 1000 0100 0100 0001 0001 0001 0001 0001 0001 0001 0001 0010 0010 0010 0010 0010 0010 0001 0001 0010 0010 0010 0010 0010 0010 0010 0010 
With Comm. Vol:  6
