%% nnz, p, Max, CV
%%Number of nonzeros per processor(s)
57 4 15 2
15 15 0 12 0 0 0 15 0 0 0 0 0 0 0 
1 19 1 
1 23 1 
2 1 7 
3 2 3 
4 3 3 
4 35 3 
5 1 7 
5 6 7 
6 7 7 
7 8 7 
8 5 7 
9 10 7 
10 11 1 
11 13 7 
12 9 1 
12 17 1 
13 14 7 
14 11 1 
14 12 0 
14 15 1 
14 21 0 
14 22 0 
14 26 0 
14 29 0 
15 13 7 
16 15 1 
17 16 7 
18 11 1 
18 15 1 
19 20 7 
20 9 1 
20 19 1 
21 4 1 
21 17 1 
23 19 1 
23 22 0 
23 24 0 
24 6 7 
24 25 7 
26 28 3 
26 36 3 
27 12 0 
27 21 0 
27 22 0 
27 26 0 
27 29 0 
28 27 7 
29 30 3 
30 33 3 
30 34 3 
31 32 3 
32 21 0 
32 29 0 
33 29 0 
34 31 3 
35 3 3 
36 28 3 
%% nnz, p, Max, CV
%%Number of nonzeros per processor(s)
57 4 15 2
15 15 0 12 0 0 0 15 0 0 0 0 0 0 0 
1 19 1 
1 23 1 
2 1 7 
3 2 3 
4 3 3 
4 35 3 
5 1 7 
5 6 7 
6 7 7 
7 8 7 
8 5 7 
9 10 7 
10 11 1 
11 13 7 
12 9 1 
12 17 1 
13 14 7 
14 11 1 
14 12 0 
14 15 1 
14 21 0 
14 22 0 
14 26 0 
14 29 0 
15 13 7 
16 15 1 
17 16 7 
18 11 1 
18 15 1 
19 20 7 
20 9 1 
20 19 1 
21 4 1 
21 17 1 
23 19 1 
23 22 0 
23 24 0 
24 6 7 
24 25 7 
26 28 3 
26 36 3 
27 12 0 
27 21 0 
27 22 0 
27 26 0 
27 29 0 
28 27 7 
29 30 3 
30 33 3 
30 34 3 
31 32 3 
32 21 0 
32 29 0 
33 29 0 
34 31 3 
35 3 3 
36 28 3 
