0
  1000  0100  0010  0001  1000  0100  0010  0001  1011  1101  1110  0111  1011  1110  1111  1011  1111  1111 CV: 23 : 0   
6
  1000  0100  0010  0011  1000  0100  0010  0001  0101  1101  1110  0110  1011  1110  1111  1011  1111  1111 CV: 22 : 1   
88
  1000  0100  0110  0011  1000  0100  0010  0001  0011  1101  1100  0110  1011  1110  1101  1011  1111  1111 CV: 21 : 2   
1711
  1001  1000  0101  0010  1000  0100  0010  0001  0100  1011  1100  1110  0011  1110  1101  1111  0111  1111 CV: 20 : 3   
78341
  0101  0101  1001  0011  1000  0100  0010  0011  1000  1001  1100  0111  0011  1110  1101  1010  1110  1110 CV: 19 : 4   
369556
  1001  0101  0110  0011  1000  0100  0010  1001  1010  1001  1100  0110  0011  1110  1100  1010  0111  1110 CV: 18 : 5   
0
  1001  0100  0011  0010  1000  0100  0010  0001  1001  1111  1101  0110  1011  1110  1101  1011  0111  1111 CV: 22 : 0   
0
  1001  0100  0011  0010  1000  0100  0010  0001  1001  1111  1101  0110  0011  1110  1101  1011  0111  1111 CV: 21 : 1   
25
  1001  0100  0110  1010  1000  0100  0010  0001  1001  1101  1100  0110  0011  1110  1101  1011  0111  1111 CV: 20 : 2   
13146
  1001  0100  0101  0010  1000  0100  0010  0011  1001  1110  1100  0110  0011  1110  1101  1011  0111  1110 CV: 19 : 3   
cage4

Number of Processors: 4  Value epsilon : 0.03
Max partition size: 13
0
  1001  0100  0011  0010  1000  0100  0010  0001  1001  1111  1101  0110  1011  1110  1101  1011  0111  1111 CV: 22 : 0   
0
  1001  0100  0011  0010  1000  0100  0010  0001  1001  1111  1101  0110  0011  1110  1101  1011  0111  1111 CV: 21 : 1   
25
  1001  0100  0110  1010  1000  0100  0010  0001  1001  1101  1100  0110  0011  1110  1101  1011  0111  1111 CV: 20 : 2   
13146
  1001  0100  0101  0010  1000  0100  0010  0011  1001  1110  1100  0110  0011  1110  1101  1011  0111  1110 CV: 19 : 3   
0
  0101  1010  0010  0011  1000  0100  0110  0011  1001  1001  1110  0111  0011  1100  1110  1010  0101  1101 CV: 19 : 0   
15
  0101  1010  0010  0011  1000  0100  0110  0011  1001  1001  1110  0110  0011  1100  1110  1010  0101  1101 CV: 18 : 1   
0
  1000  0100  0010  0001  1000  0100  0010  0001  1011  1101  1110  0111  1011  1110  1111  1011  1111  1111 CV: 23 : 0   
6
  1000  0100  0010  0011  1000  0100  0010  0001  0101  1101  1110  0110  1011  1110  1111  1011  1111  1111 CV: 22 : 1   
88
  1000  0100  0110  0011  1000  0100  0010  0001  0011  1101  1100  0110  1011  1110  1101  1011  1111  1111 CV: 21 : 2   
1711
  1001  1000  0101  0010  1000  0100  0010  0001  0100  1011  1100  1110  0011  1110  1101  1111  0111  1111 CV: 20 : 3   
78341
  0101  0101  1001  0011  1000  0100  0010  0011  1000  1001  1100  0111  0011  1110  1101  1010  1110  1110 CV: 19 : 4   
369556
  1001  0101  0110  0011  1000  0100  0010  1001  1010  1001  1100  0110  0011  1110  1100  1010  0111  1110 CV: 18 : 5   
3294979
  0011  0001  0011  0011  1000  0100  0110  1010  0110  1001  1101  0101  0010  1101  1101  1010  0110  1100 CV: 17 : 6   
