143236
  0100  1000  1001  0100  0100  0100  1010  1010  0010  0101  0011  0001  1100  0001  1000  0001  0101  0010  1010  0010  0000  0010 CV: 8 : 0   
321619
  0100  0001  1010  0100  0100  0100  0001  1000  1000  0110  0010  0010  1100  0010  1001  0100  0110  1000  1011  0001  0000  1000 CV: 7 : 1   
Tina_Askcal

Number of Processors: 4  Value epsilon : 0.03
Max partition size: 8

Number of Partitions aborted: 396293
Time taken: 186.28sec

The best solution found so far is:  0100 0001 1010 0100 0100 0100 0001 1000 1000 0110 0010 0010 1100 0010 1001 0100 0110 1000 1011 0001 0000 1000 
With Comm. Vol:  7
143236
  0100  1000  1001  0100  0100  0100  1010  1010  0010  0101  0011  0001  1100  0001  1000  0001  0101  0010  1010  0010  0000  0010 CV: 8 : 0   
321619
  0100  0001  1010  0100  0100  0100  0001  1000  1000  0110  0010  0010  1100  0010  1001  0100  0110  1000  1011  0001  0000  1000 CV: 7 : 1   
Tina_AskCal

Number of Processors: 4  Value epsilon : 0.03
Max partition size: 8

Number of Partitions aborted: 396293
Time taken: 190.57sec

The best solution found so far is:  0100 0001 1010 0100 0100 0100 0001 1000 1000 0110 0010 0010 1100 0010 1001 0100 0110 1000 1011 0001 0000 1000 
With Comm. Vol:  7
143236
  0100  1000  1001  0100  0100  0100  1010  1010  0010  0101  0011  0001  1100  0001  1000  0001  0101  0010  1010  0010  0000  0010 CV: 8 : 0   
321619
  0100  0001  1010  0100  0100  0100  0001  1000  1000  0110  0010  0010  1100  0010  1001  0100  0110  1000  1011  0001  0000  1000 CV: 7 : 1   
Tina_AskCal

Number of Processors: 4  Value epsilon : 0.03
Max partition size: 8

Number of Partitions aborted: 396293
Time taken: 193.27sec

The best solution found so far is:  0100 0001 1010 0100 0100 0100 0001 1000 1000 0110 0010 0010 1100 0010 1001 0100 0110 1000 1011 0001 0000 1000 
With Comm. Vol:  7
143236
  0100  1000  1001  0100  0100  0100  1010  1010  0010  0101  0011  0001  1100  0001  1000  0001  0101  0010  1010  0010  0000  0010 CV: 8 : 0   
321619
  0100  0001  1010  0100  0100  0100  0001  1000  1000  0110  0010  0010  1100  0010  1001  0100  0110  1000  1011  0001  0000  1000 CV: 7 : 1   
Tina_AskCal

Number of Processors: 4  Value epsilon : 0.03
Max partition size: 8

Number of Partitions aborted: 396293
Time taken: 182.14sec

The best solution found so far is:  0100 0001 1010 0100 0100 0100 0001 1000 1000 0110 0010 0010 1100 0010 1001 0100 0110 1000 1011 0001 0000 1000 
With Comm. Vol:  7
143236
  0100  1000  1001  0100  0100  0100  1010  1010  0010  0101  0011  0001  1100  0001  1000  0001  0101  0010  1010  0010  0000  0010 CV: 8 : 0   
321619
  0100  0001  1010  0100  0100  0100  0001  1000  1000  0110  0010  0010  1100  0010  1001  0100  0110  1000  1011  0001  0000  1000 CV: 7 : 1   
Tina_AskCal

Number of Processors: 4  Value epsilon : 0.03
Max partition size: 8

Number of Partitions aborted: 396293
Time taken: 179.5sec

The best solution found so far is:  0100 0001 1010 0100 0100 0100 0001 1000 1000 0110 0010 0010 1100 0010 1001 0100 0110 1000 1011 0001 0000 1000 
With Comm. Vol:  7
