274163
  1000  0100  0010  0001  1000  0100  0010  0001  1001  0110  0010  1000  0100  0001  0010  0010  0010  0100  0010  1000  0010  0001  0010  0010  0100  0100  0100  0100  0100  0100  1000  0001  0001  1000  0010  0001  0100  1000  1000  0001  0001  1000  0010  0001  0100  1000  0001  1000  0001  1000  0010  0001  0001  0100  0001  1000  0001  0001  0001  0010  0001  0100  0001  0001  0001  0001  1000  0010  0100  0010  1000  0010  0001  0010  0010  0010  0100  0010  0010  0010  0010  1000  0100  1000  0001  0100  0100  0010  0100  0100  0100  0100  0100  0100  1000  0001  1000  0010  1000  1000  0100  1000  1000  1000  1000  1000  0001  0010  0001  0100  0001  0001  0001  0001  1000  0010  0100  0010  0010  0010  0010  1000  0100  0100  0100  0100  1000  1000  1000  1000 CV: 2 : 0   
n4c5-b11

Number of Processors: 4  Value epsilon : 0.03
Max partition size: 30

Number of Partitions aborted: 539599
Time taken: 543.63sec

The best solution found so far is:  1000 0100 0010 0001 1000 0100 0010 0001 1001 0110 0010 1000 0100 0001 0010 0010 0010 0100 0010 1000 0010 0001 0010 0010 0100 0100 0100 0100 0100 0100 1000 0001 0001 1000 0010 0001 0100 1000 1000 0001 0001 1000 0010 0001 0100 1000 0001 1000 0001 1000 0010 0001 0001 0100 0001 1000 0001 0001 0001 0010 0001 0100 0001 0001 0001 0001 1000 0010 0100 0010 1000 0010 0001 0010 0010 0010 0100 0010 0010 0010 0010 1000 0100 1000 0001 0100 0100 0010 0100 0100 0100 0100 0100 0100 1000 0001 1000 0010 1000 1000 0100 1000 1000 1000 1000 1000 0001 0010 0001 0100 0001 0001 0001 0001 1000 0010 0100 0010 0010 0010 0010 1000 0100 0100 0100 0100 1000 1000 1000 1000 
With Comm. Vol:  2
274163
  1000  0100  0010  0001  1000  0100  0010  0001  1001  0110  0010  1000  0100  0001  0010  0010  0010  0100  0010  1000  0010  0001  0010  0010  0100  0100  0100  0100  0100  0100  1000  0001  0001  1000  0010  0001  0100  1000  1000  0001  0001  1000  0010  0001  0100  1000  0001  1000  0001  1000  0010  0001  0001  0100  0001  1000  0001  0001  0001  0010  0001  0100  0001  0001  0001  0001  1000  0010  0100  0010  1000  0010  0001  0010  0010  0010  0100  0010  0010  0010  0010  1000  0100  1000  0001  0100  0100  0010  0100  0100  0100  0100  0100  0100  1000  0001  1000  0010  1000  1000  0100  1000  1000  1000  1000  1000  0001  0010  0001  0100  0001  0001  0001  0001  1000  0010  0100  0010  0010  0010  0010  1000  0100  0100  0100  0100  1000  1000  1000  1000 CV: 2 : 0   
n4c5-b11

Number of Processors: 4  Value epsilon : 0.03
Max partition size: 30

Number of Partitions aborted: 539599
Time taken: 532.38sec

The best solution found so far is:  1000 0100 0010 0001 1000 0100 0010 0001 1001 0110 0010 1000 0100 0001 0010 0010 0010 0100 0010 1000 0010 0001 0010 0010 0100 0100 0100 0100 0100 0100 1000 0001 0001 1000 0010 0001 0100 1000 1000 0001 0001 1000 0010 0001 0100 1000 0001 1000 0001 1000 0010 0001 0001 0100 0001 1000 0001 0001 0001 0010 0001 0100 0001 0001 0001 0001 1000 0010 0100 0010 1000 0010 0001 0010 0010 0010 0100 0010 0010 0010 0010 1000 0100 1000 0001 0100 0100 0010 0100 0100 0100 0100 0100 0100 1000 0001 1000 0010 1000 1000 0100 1000 1000 1000 1000 1000 0001 0010 0001 0100 0001 0001 0001 0001 1000 0010 0100 0010 0010 0010 0010 1000 0100 0100 0100 0100 1000 1000 1000 1000 
With Comm. Vol:  2
274163
  1000  0100  0010  0001  1000  0100  0010  0001  1001  0110  0010  1000  0100  0001  0010  0010  0010  0100  0010  1000  0010  0001  0010  0010  0100  0100  0100  0100  0100  0100  1000  0001  0001  1000  0010  0001  0100  1000  1000  0001  0001  1000  0010  0001  0100  1000  0001  1000  0001  1000  0010  0001  0001  0100  0001  1000  0001  0001  0001  0010  0001  0100  0001  0001  0001  0001  1000  0010  0100  0010  1000  0010  0001  0010  0010  0010  0100  0010  0010  0010  0010  1000  0100  1000  0001  0100  0100  0010  0100  0100  0100  0100  0100  0100  1000  0001  1000  0010  1000  1000  0100  1000  1000  1000  1000  1000  0001  0010  0001  0100  0001  0001  0001  0001  1000  0010  0100  0010  0010  0010  0010  1000  0100  0100  0100  0100  1000  1000  1000  1000 CV: 2 : 0   
n4c5-b11

Number of Processors: 4  Value epsilon : 0.03
Max partition size: 30

Number of Partitions aborted: 539599
Time taken: 548.38sec

The best solution found so far is:  1000 0100 0010 0001 1000 0100 0010 0001 1001 0110 0010 1000 0100 0001 0010 0010 0010 0100 0010 1000 0010 0001 0010 0010 0100 0100 0100 0100 0100 0100 1000 0001 0001 1000 0010 0001 0100 1000 1000 0001 0001 1000 0010 0001 0100 1000 0001 1000 0001 1000 0010 0001 0001 0100 0001 1000 0001 0001 0001 0010 0001 0100 0001 0001 0001 0001 1000 0010 0100 0010 1000 0010 0001 0010 0010 0010 0100 0010 0010 0010 0010 1000 0100 1000 0001 0100 0100 0010 0100 0100 0100 0100 0100 0100 1000 0001 1000 0010 1000 1000 0100 1000 1000 1000 1000 1000 0001 0010 0001 0100 0001 0001 0001 0001 1000 0010 0100 0010 0010 0010 0010 1000 0100 0100 0100 0100 1000 1000 1000 1000 
With Comm. Vol:  2
