%% nnz, p, Max, CV
%%Number of nonzeros per processor(s)
50 4 13 4
13 12 0 12 0 0 0 13 0 0 0 0 0 0 0 
1 2 0 
1 4 1 
1 5 1 
1 7 0 
1 9 1 
1 13 1 
1 18 1 
1 23 0 
1 30 0 
1 32 0 
2 1 7 
2 6 7 
2 10 7 
3 1 3 
3 8 3 
3 10 3 
3 14 3 
5 38 0 
6 17 7 
6 28 7 
10 2 0 
10 5 1 
10 7 0 
10 12 0 
10 16 0 
10 18 1 
10 19 0 
10 23 0 
10 26 1 
10 29 1 
10 31 1 
11 1 7 
11 10 7 
11 17 7 
11 27 7 
15 1 3 
15 10 3 
20 21 1 
22 1 7 
23 1 3 
23 10 3 
23 14 3 
24 17 7 
24 25 7 
24 28 7 
27 1 3 
27 10 3 
33 34 0 
35 36 1 
37 10 3 
