0
  1010  1001  0110  1000  0001  0110  0010  0100  0010  0001  0100  0100  0010  0100  1000  1000  0001  0011  1010  1010  0011  0101 CV: 9 : 0   
3
  1010  1001  0010  1000  0001  0100  0010  0100  0010  0001  0010  0100  0010  0100  1000  1000  0001  0011  1100  1010  0011  0101 CV: 7 : 1   
621
  1000  0010  0001  1000  0001  0100  0010  0100  1000  0010  0001  0100  0010  0100  1000  1010  0011  0001  1100  1010  0011  0101 CV: 6 : 2   
2225
  1000  0001  0010  1000  0011  0100  0100  0010  1000  0001  0010  0100  0100  0010  1000  1001  0001  0010  1100  1100  0101  0010 CV: 5 : 3   
13151
  0100  0101  0010  1100  0011  1000  0001  0010  0100  0100  0010  1000  0001  0010  0100  0100  0001  0010  1000  1001  0001  0010 CV: 4 : 4   
lpi_galenet

Number of Processors: 4  Value epsilon : 0.03
Max partition size: 6

Number of Partitions aborted: 18054
Time taken: 8.385sec

The best solution found so far is:  0100 0101 0010 1100 0011 1000 0001 0010 0100 0100 0010 1000 0001 0010 0100 0100 0001 0010 1000 1001 0001 0010 
With Comm. Vol:  4
