%% nnz, p, Max, CV
%%Number of nonzeros per processor(s)
36 4 9 9
9 9 0 7 2 0 0 9 0 0 0 0 0 0 0 
1 2 0 
1 3 0 
2 4 1 
2 8 1 
3 1 3 
3 2 3 
3 10 3 
4 7 1 
4 8 1 
5 2 3 
5 6 7 
5 8 7 
5 10 3 
6 1 0 
6 2 0 
6 3 0 
6 4 1 
6 5 0 
6 7 1 
6 8 1 
7 4 7 
7 8 7 
7 9 7 
8 2 3 
8 4 7 
8 11 3 
9 2 0 
9 7 1 
9 8 1 
10 1 4 
10 2 4 
10 3 0 
10 5 0 
11 4 7 
11 6 7 
11 8 7 
%% nnz, p, Max, CV
%%Number of nonzeros per processor(s)
36 4 9 9
9 9 0 7 2 0 0 9 0 0 0 0 0 0 0 
1 2 0 
1 3 0 
2 4 1 
2 8 1 
3 1 3 
3 2 3 
3 10 3 
4 7 1 
4 8 1 
5 2 3 
5 6 7 
5 8 7 
5 10 3 
6 1 0 
6 2 0 
6 3 0 
6 4 1 
6 5 0 
6 7 1 
6 8 1 
7 4 7 
7 8 7 
7 9 7 
8 2 3 
8 4 7 
8 11 3 
9 2 0 
9 7 1 
9 8 1 
10 1 4 
10 2 4 
10 3 0 
10 5 0 
11 4 7 
11 6 7 
11 8 7 
