0
  10000  00001  00001  00001  00001  00010  00010  00010  00010  00100  00100  00100  00100  01000  01000  01000  01000  10000  10000  10000  10000  10100  11000  11000  01010  10000  11000  10010  00110  00101  01001  01100  01000  01000  01100  01100  00110  00101  00100  00101  00110  10010  00011  00011  00010  00011  00011  00001  10001  10001 CV: 23 : 0   
klein-b2

Number of Processors: 5  Value epsilon : 0.03
Max partition size: 12

Number of Partitions aborted: 269
Time taken: 34.164sec
 
STOPPED BEFORE PARTITION WAS FINISHED
SOLUTION MAY NOT BE OPTIMAL

The best solution found so far is:  10000 00001 00001 00001 00001 00010 00010 00010 00010 00100 00100 00100 00100 01000 01000 01000 01000 10000 10000 10000 10000 10100 11000 11000 01010 10000 11000 10010 00110 00101 01001 01100 01000 01000 01100 01100 00110 00101 00100 00101 00110 10010 00011 00011 00010 00011 00011 00001 10001 10001 
With Comm. Vol:  23
