%%MatrixMarket matrix coordinate general integer
47 47 264
0 1 0
0 2 0
0 3 0
0 4 0
0 6 0
0 36 0
1 0 0
1 2 0
1 3 0
1 6 0
2 0 0
2 1 0
2 3 0
2 4 0
2 5 0
2 9 0
2 10 0
3 0 0
3 1 0
3 2 0
3 4 0
3 5 0
3 8 0
4 0 0
4 2 0
4 3 0
4 5 1
4 7 1
4 8 0
4 9 0
4 11 1
4 18 1
4 21 1
4 23 0
4 29 1
4 32 1
4 35 0
4 43 1
4 44 0
5 2 0
5 3 0
5 4 1
5 6 1
5 7 1
5 11 1
5 12 1
5 13 1
5 14 1
5 28 0
5 44 0
6 0 0
6 1 0
6 5 0
6 7 0
6 10 0
6 18 0
6 19 0
6 24 0
6 26 0
6 27 0
6 28 0
6 34 0
6 45 0
7 4 1
7 5 1
7 6 1
7 8 0
7 9 0
7 10 0
7 11 1
7 12 1
7 13 1
7 14 1
7 15 1
7 18 1
7 19 0
7 20 1
7 21 1
7 23 0
7 24 0
7 26 0
7 27 0
7 30 1
7 31 1
7 33 1
7 34 0
7 35 0
7 43 1
8 3 0
8 4 0
8 7 0
9 2 0
9 4 0
9 7 0
10 2 0
10 6 0
10 7 0
11 4 1
11 5 1
11 7 1
11 12 1
11 13 1
11 17 1
11 29 1
12 5 1
12 7 1
12 11 1
13 5 0
13 7 1
13 11 1
13 14 1
13 15 1
13 16 1
13 17 1
13 20 1
13 28 0
13 33 1
14 5 1
14 7 1
14 13 1
14 15 1
14 16 1
14 17 1
15 7 1
15 13 1
15 14 1
15 16 1
16 13 1
16 14 1
16 15 1
17 11 1
17 13 1
17 14 1
18 4 1
18 6 1
18 7 1
18 19 0
18 20 1
18 22 1
18 23 0
18 24 0
18 25 1
18 26 0
18 27 0
18 29 1
18 30 1
18 31 1
18 34 0
18 35 0
18 43 1
18 45 0
19 6 0
19 7 0
19 18 0
19 36 0
19 37 0
20 7 1
20 13 1
20 18 1
20 21 1
20 22 1
21 4 1
21 7 1
21 20 1
21 22 1
22 18 1
22 20 1
22 21 1
23 4 1
23 7 1
23 18 1
23 25 1
24 6 1
24 7 1
24 18 1
24 25 1
25 18 0
25 23 0
25 24 0
26 6 1
26 7 1
26 18 1
27 6 1
27 7 1
27 18 1
28 5 0
28 6 0
28 13 0
28 36 0
28 37 0
28 38 0
29 4 1
29 11 1
29 18 1
29 30 1
30 7 1
30 18 1
30 29 1
30 31 1
30 32 1
31 7 1
31 18 1
31 30 1
31 32 1
31 33 1
32 4 1
32 30 1
32 31 1
33 7 1
33 13 1
33 31 1
34 6 1
34 7 1
34 18 1
35 4 0
35 7 0
35 18 0
36 0 0
36 19 0
36 28 0
36 37 0
36 38 0
36 39 0
36 40 0
37 19 0
37 28 0
37 36 0
37 38 0
37 39 0
37 41 0
38 28 0
38 36 0
38 37 0
38 39 0
38 40 0
38 41 0
38 42 0
39 36 0
39 37 0
39 38 0
39 40 0
39 42 0
40 36 0
40 38 0
40 39 0
40 41 0
41 37 0
41 38 0
41 40 0
41 42 0
42 38 0
42 39 0
42 41 0
43 4 0
43 7 0
43 18 0
43 44 0
43 45 0
44 4 1
44 5 1
44 43 1
45 6 1
45 18 1
45 43 1
%%MatrixMarket matrix coordinate general integer
47 47 264
0 1 0
0 2 0
0 3 0
0 4 0
0 6 0
0 36 0
1 0 0
1 2 0
1 3 0
1 6 0
2 0 0
2 1 0
2 3 0
2 4 0
2 5 0
2 9 0
2 10 0
3 0 0
3 1 0
3 2 0
3 4 0
3 5 0
3 8 0
4 0 0
4 2 0
4 3 0
4 5 1
4 7 1
4 8 0
4 9 0
4 11 1
4 18 1
4 21 1
4 23 0
4 29 1
4 32 1
4 35 0
4 43 1
4 44 0
5 2 0
5 3 0
5 4 1
5 6 1
5 7 1
5 11 1
5 12 1
5 13 1
5 14 1
5 28 0
5 44 0
6 0 0
6 1 0
6 5 0
6 7 0
6 10 0
6 18 0
6 19 0
6 24 0
6 26 0
6 27 0
6 28 0
6 34 0
6 45 0
7 4 1
7 5 1
7 6 1
7 8 0
7 9 0
7 10 0
7 11 1
7 12 1
7 13 1
7 14 1
7 15 1
7 18 1
7 19 0
7 20 1
7 21 1
7 23 0
7 24 0
7 26 0
7 27 0
7 30 1
7 31 1
7 33 1
7 34 0
7 35 0
7 43 1
8 3 0
8 4 0
8 7 0
9 2 0
9 4 0
9 7 0
10 2 0
10 6 0
10 7 0
11 4 1
11 5 1
11 7 1
11 12 1
11 13 1
11 17 1
11 29 1
12 5 1
12 7 1
12 11 1
13 5 0
13 7 1
13 11 1
13 14 1
13 15 1
13 16 1
13 17 1
13 20 1
13 28 0
13 33 1
14 5 1
14 7 1
14 13 1
14 15 1
14 16 1
14 17 1
15 7 1
15 13 1
15 14 1
15 16 1
16 13 1
16 14 1
16 15 1
17 11 1
17 13 1
17 14 1
18 4 1
18 6 1
18 7 1
18 19 0
18 20 1
18 22 1
18 23 0
18 24 0
18 25 1
18 26 0
18 27 0
18 29 1
18 30 1
18 31 1
18 34 0
18 35 0
18 43 1
18 45 0
19 6 0
19 7 0
19 18 0
19 36 0
19 37 0
20 7 1
20 13 1
20 18 1
20 21 1
20 22 1
21 4 1
21 7 1
21 20 1
21 22 1
22 18 1
22 20 1
22 21 1
23 4 1
23 7 1
23 18 1
23 25 1
24 6 1
24 7 1
24 18 1
24 25 1
25 18 0
25 23 0
25 24 0
26 6 1
26 7 1
26 18 1
27 6 1
27 7 1
27 18 1
28 5 0
28 6 0
28 13 0
28 36 0
28 37 0
28 38 0
29 4 1
29 11 1
29 18 1
29 30 1
30 7 1
30 18 1
30 29 1
30 31 1
30 32 1
31 7 1
31 18 1
31 30 1
31 32 1
31 33 1
32 4 1
32 30 1
32 31 1
33 7 1
33 13 1
33 31 1
34 6 1
34 7 1
34 18 1
35 4 0
35 7 0
35 18 0
36 0 0
36 19 0
36 28 0
36 37 0
36 38 0
36 39 0
36 40 0
37 19 0
37 28 0
37 36 0
37 38 0
37 39 0
37 41 0
38 28 0
38 36 0
38 37 0
38 39 0
38 40 0
38 41 0
38 42 0
39 36 0
39 37 0
39 38 0
39 40 0
39 42 0
40 36 0
40 38 0
40 39 0
40 41 0
41 37 0
41 38 0
41 40 0
41 42 0
42 38 0
42 39 0
42 41 0
43 4 0
43 7 0
43 18 0
43 44 0
43 45 0
44 4 1
44 5 1
44 43 1
45 6 1
45 18 1
45 43 1
%%MatrixMarket matrix coordinate general integer
47 47 264
0 1 0
0 2 0
0 3 0
0 4 0
0 6 0
0 36 0
1 0 0
1 2 0
1 3 0
1 6 0
2 0 0
2 1 0
2 3 0
2 4 0
2 5 0
2 9 0
2 10 0
3 0 0
3 1 0
3 2 0
3 4 0
3 5 0
3 8 0
4 0 0
4 2 0
4 3 0
4 5 1
4 7 1
4 8 0
4 9 0
4 11 1
4 18 1
4 21 1
4 23 0
4 29 1
4 32 1
4 35 0
4 43 1
4 44 0
5 2 0
5 3 0
5 4 1
5 6 1
5 7 1
5 11 1
5 12 1
5 13 1
5 14 1
5 28 0
5 44 0
6 0 0
6 1 0
6 5 0
6 7 0
6 10 0
6 18 0
6 19 0
6 24 0
6 26 0
6 27 0
6 28 0
6 34 0
6 45 0
7 4 1
7 5 1
7 6 1
7 8 0
7 9 0
7 10 0
7 11 1
7 12 1
7 13 1
7 14 1
7 15 1
7 18 1
7 19 0
7 20 1
7 21 1
7 23 0
7 24 0
7 26 0
7 27 0
7 30 1
7 31 1
7 33 1
7 34 0
7 35 0
7 43 1
8 3 0
8 4 0
8 7 0
9 2 0
9 4 0
9 7 0
10 2 0
10 6 0
10 7 0
11 4 1
11 5 1
11 7 1
11 12 1
11 13 1
11 17 1
11 29 1
12 5 1
12 7 1
12 11 1
13 5 0
13 7 1
13 11 1
13 14 1
13 15 1
13 16 1
13 17 1
13 20 1
13 28 0
13 33 1
14 5 1
14 7 1
14 13 1
14 15 1
14 16 1
14 17 1
15 7 1
15 13 1
15 14 1
15 16 1
16 13 1
16 14 1
16 15 1
17 11 1
17 13 1
17 14 1
18 4 1
18 6 1
18 7 1
18 19 0
18 20 1
18 22 1
18 23 0
18 24 0
18 25 1
18 26 0
18 27 0
18 29 1
18 30 1
18 31 1
18 34 0
18 35 0
18 43 1
18 45 0
19 6 0
19 7 0
19 18 0
19 36 0
19 37 0
20 7 1
20 13 1
20 18 1
20 21 1
20 22 1
21 4 1
21 7 1
21 20 1
21 22 1
22 18 1
22 20 1
22 21 1
23 4 1
23 7 1
23 18 1
23 25 1
24 6 1
24 7 1
24 18 1
24 25 1
25 18 0
25 23 0
25 24 0
26 6 1
26 7 1
26 18 1
27 6 1
27 7 1
27 18 1
28 5 0
28 6 0
28 13 0
28 36 0
28 37 0
28 38 0
29 4 1
29 11 1
29 18 1
29 30 1
30 7 1
30 18 1
30 29 1
30 31 1
30 32 1
31 7 1
31 18 1
31 30 1
31 32 1
31 33 1
32 4 1
32 30 1
32 31 1
33 7 1
33 13 1
33 31 1
34 6 1
34 7 1
34 18 1
35 4 0
35 7 0
35 18 0
36 0 0
36 19 0
36 28 0
36 37 0
36 38 0
36 39 0
36 40 0
37 19 0
37 28 0
37 36 0
37 38 0
37 39 0
37 41 0
38 28 0
38 36 0
38 37 0
38 39 0
38 40 0
38 41 0
38 42 0
39 36 0
39 37 0
39 38 0
39 40 0
39 42 0
40 36 0
40 38 0
40 39 0
40 41 0
41 37 0
41 38 0
41 40 0
41 42 0
42 38 0
42 39 0
42 41 0
43 4 0
43 7 0
43 18 0
43 44 0
43 45 0
44 4 1
44 5 1
44 43 1
45 6 1
45 18 1
45 43 1
%%MatrixMarket matrix coordinate general integer
47 47 264
0 1 0
0 2 0
0 3 0
0 4 0
0 6 0
0 36 0
1 0 0
1 2 0
1 3 0
1 6 0
2 0 0
2 1 0
2 3 0
2 4 0
2 5 0
2 9 0
2 10 0
3 0 0
3 1 0
3 2 0
3 4 0
3 5 0
3 8 0
4 0 0
4 2 0
4 3 0
4 5 1
4 7 1
4 8 0
4 9 0
4 11 1
4 18 1
4 21 1
4 23 0
4 29 1
4 32 1
4 35 0
4 43 1
4 44 0
5 2 0
5 3 0
5 4 1
5 6 1
5 7 1
5 11 1
5 12 1
5 13 1
5 14 1
5 28 0
5 44 0
6 0 0
6 1 0
6 5 0
6 7 0
6 10 0
6 18 0
6 19 0
6 24 0
6 26 0
6 27 0
6 28 0
6 34 0
6 45 0
7 4 1
7 5 1
7 6 1
7 8 0
7 9 0
7 10 0
7 11 1
7 12 1
7 13 1
7 14 1
7 15 1
7 18 1
7 19 0
7 20 1
7 21 1
7 23 0
7 24 0
7 26 0
7 27 0
7 30 1
7 31 1
7 33 1
7 34 0
7 35 0
7 43 1
8 3 0
8 4 0
8 7 0
9 2 0
9 4 0
9 7 0
10 2 0
10 6 0
10 7 0
11 4 1
11 5 1
11 7 1
11 12 1
11 13 1
11 17 1
11 29 1
12 5 1
12 7 1
12 11 1
13 5 0
13 7 1
13 11 1
13 14 1
13 15 1
13 16 1
13 17 1
13 20 1
13 28 0
13 33 1
14 5 1
14 7 1
14 13 1
14 15 1
14 16 1
14 17 1
15 7 1
15 13 1
15 14 1
15 16 1
16 13 1
16 14 1
16 15 1
17 11 1
17 13 1
17 14 1
18 4 1
18 6 1
18 7 1
18 19 0
18 20 1
18 22 1
18 23 0
18 24 0
18 25 1
18 26 0
18 27 0
18 29 1
18 30 1
18 31 1
18 34 0
18 35 0
18 43 1
18 45 0
19 6 0
19 7 0
19 18 0
19 36 0
19 37 0
20 7 1
20 13 1
20 18 1
20 21 1
20 22 1
21 4 1
21 7 1
21 20 1
21 22 1
22 18 1
22 20 1
22 21 1
23 4 1
23 7 1
23 18 1
23 25 1
24 6 1
24 7 1
24 18 1
24 25 1
25 18 0
25 23 0
25 24 0
26 6 1
26 7 1
26 18 1
27 6 1
27 7 1
27 18 1
28 5 0
28 6 0
28 13 0
28 36 0
28 37 0
28 38 0
29 4 1
29 11 1
29 18 1
29 30 1
30 7 1
30 18 1
30 29 1
30 31 1
30 32 1
31 7 1
31 18 1
31 30 1
31 32 1
31 33 1
32 4 1
32 30 1
32 31 1
33 7 1
33 13 1
33 31 1
34 6 1
34 7 1
34 18 1
35 4 0
35 7 0
35 18 0
36 0 0
36 19 0
36 28 0
36 37 0
36 38 0
36 39 0
36 40 0
37 19 0
37 28 0
37 36 0
37 38 0
37 39 0
37 41 0
38 28 0
38 36 0
38 37 0
38 39 0
38 40 0
38 41 0
38 42 0
39 36 0
39 37 0
39 38 0
39 40 0
39 42 0
40 36 0
40 38 0
40 39 0
40 41 0
41 37 0
41 38 0
41 40 0
41 42 0
42 38 0
42 39 0
42 41 0
43 4 0
43 7 0
43 18 0
43 44 0
43 45 0
44 4 1
44 5 1
44 43 1
45 6 1
45 18 1
45 43 1
%%MatrixMarket matrix coordinate general integer
47 47 264
0 1 0
0 2 0
0 3 0
0 4 0
0 6 0
0 36 0
1 0 0
1 2 0
1 3 0
1 6 0
2 0 0
2 1 0
2 3 0
2 4 0
2 5 0
2 9 0
2 10 0
3 0 0
3 1 0
3 2 0
3 4 0
3 5 0
3 8 0
4 0 0
4 2 0
4 3 0
4 5 1
4 7 1
4 8 0
4 9 0
4 11 1
4 18 1
4 21 1
4 23 0
4 29 1
4 32 1
4 35 0
4 43 1
4 44 0
5 2 0
5 3 0
5 4 1
5 6 1
5 7 1
5 11 1
5 12 1
5 13 1
5 14 1
5 28 0
5 44 0
6 0 0
6 1 0
6 5 0
6 7 0
6 10 0
6 18 0
6 19 0
6 24 0
6 26 0
6 27 0
6 28 0
6 34 0
6 45 0
7 4 1
7 5 1
7 6 1
7 8 0
7 9 0
7 10 0
7 11 1
7 12 1
7 13 1
7 14 1
7 15 1
7 18 1
7 19 0
7 20 1
7 21 1
7 23 0
7 24 0
7 26 0
7 27 0
7 30 1
7 31 1
7 33 1
7 34 0
7 35 0
7 43 1
8 3 0
8 4 0
8 7 0
9 2 0
9 4 0
9 7 0
10 2 0
10 6 0
10 7 0
11 4 1
11 5 1
11 7 1
11 12 1
11 13 1
11 17 1
11 29 1
12 5 1
12 7 1
12 11 1
13 5 0
13 7 1
13 11 1
13 14 1
13 15 1
13 16 1
13 17 1
13 20 1
13 28 0
13 33 1
14 5 1
14 7 1
14 13 1
14 15 1
14 16 1
14 17 1
15 7 1
15 13 1
15 14 1
15 16 1
16 13 1
16 14 1
16 15 1
17 11 1
17 13 1
17 14 1
18 4 1
18 6 1
18 7 1
18 19 0
18 20 1
18 22 1
18 23 0
18 24 0
18 25 1
18 26 0
18 27 0
18 29 1
18 30 1
18 31 1
18 34 0
18 35 0
18 43 1
18 45 0
19 6 0
19 7 0
19 18 0
19 36 0
19 37 0
20 7 1
20 13 1
20 18 1
20 21 1
20 22 1
21 4 1
21 7 1
21 20 1
21 22 1
22 18 1
22 20 1
22 21 1
23 4 1
23 7 1
23 18 1
23 25 1
24 6 1
24 7 1
24 18 1
24 25 1
25 18 0
25 23 0
25 24 0
26 6 1
26 7 1
26 18 1
27 6 1
27 7 1
27 18 1
28 5 0
28 6 0
28 13 0
28 36 0
28 37 0
28 38 0
29 4 1
29 11 1
29 18 1
29 30 1
30 7 1
30 18 1
30 29 1
30 31 1
30 32 1
31 7 1
31 18 1
31 30 1
31 32 1
31 33 1
32 4 1
32 30 1
32 31 1
33 7 1
33 13 1
33 31 1
34 6 1
34 7 1
34 18 1
35 4 0
35 7 0
35 18 0
36 0 0
36 19 0
36 28 0
36 37 0
36 38 0
36 39 0
36 40 0
37 19 0
37 28 0
37 36 0
37 38 0
37 39 0
37 41 0
38 28 0
38 36 0
38 37 0
38 39 0
38 40 0
38 41 0
38 42 0
39 36 0
39 37 0
39 38 0
39 40 0
39 42 0
40 36 0
40 38 0
40 39 0
40 41 0
41 37 0
41 38 0
41 40 0
41 42 0
42 38 0
42 39 0
42 41 0
43 4 0
43 7 0
43 18 0
43 44 0
43 45 0
44 4 1
44 5 1
44 43 1
45 6 1
45 18 1
45 43 1
%%MatrixMarket matrix coordinate general integer
47 47 264
0 1 0
0 2 0
0 3 0
0 4 0
0 6 0
0 36 0
1 0 0
1 2 0
1 3 0
1 6 0
2 0 0
2 1 0
2 3 0
2 4 0
2 5 0
2 9 0
2 10 0
3 0 0
3 1 0
3 2 0
3 4 0
3 5 0
3 8 0
4 0 0
4 2 0
4 3 0
4 5 1
4 7 1
4 8 0
4 9 0
4 11 1
4 18 1
4 21 1
4 23 0
4 29 1
4 32 1
4 35 0
4 43 1
4 44 0
5 2 0
5 3 0
5 4 1
5 6 1
5 7 1
5 11 1
5 12 1
5 13 1
5 14 1
5 28 0
5 44 0
6 0 0
6 1 0
6 5 0
6 7 0
6 10 0
6 18 0
6 19 0
6 24 0
6 26 0
6 27 0
6 28 0
6 34 0
6 45 0
7 4 1
7 5 1
7 6 1
7 8 0
7 9 0
7 10 0
7 11 1
7 12 1
7 13 1
7 14 1
7 15 1
7 18 1
7 19 0
7 20 1
7 21 1
7 23 0
7 24 0
7 26 0
7 27 0
7 30 1
7 31 1
7 33 1
7 34 0
7 35 0
7 43 1
8 3 0
8 4 0
8 7 0
9 2 0
9 4 0
9 7 0
10 2 0
10 6 0
10 7 0
11 4 1
11 5 1
11 7 1
11 12 1
11 13 1
11 17 1
11 29 1
12 5 1
12 7 1
12 11 1
13 5 0
13 7 1
13 11 1
13 14 1
13 15 1
13 16 1
13 17 1
13 20 1
13 28 0
13 33 1
14 5 1
14 7 1
14 13 1
14 15 1
14 16 1
14 17 1
15 7 1
15 13 1
15 14 1
15 16 1
16 13 1
16 14 1
16 15 1
17 11 1
17 13 1
17 14 1
18 4 1
18 6 1
18 7 1
18 19 0
18 20 1
18 22 1
18 23 0
18 24 0
18 25 1
18 26 0
18 27 0
18 29 1
18 30 1
18 31 1
18 34 0
18 35 0
18 43 1
18 45 0
19 6 0
19 7 0
19 18 0
19 36 0
19 37 0
20 7 1
20 13 1
20 18 1
20 21 1
20 22 1
21 4 1
21 7 1
21 20 1
21 22 1
22 18 1
22 20 1
22 21 1
23 4 1
23 7 1
23 18 1
23 25 1
24 6 1
24 7 1
24 18 1
24 25 1
25 18 0
25 23 0
25 24 0
26 6 1
26 7 1
26 18 1
27 6 1
27 7 1
27 18 1
28 5 0
28 6 0
28 13 0
28 36 0
28 37 0
28 38 0
29 4 1
29 11 1
29 18 1
29 30 1
30 7 1
30 18 1
30 29 1
30 31 1
30 32 1
31 7 1
31 18 1
31 30 1
31 32 1
31 33 1
32 4 1
32 30 1
32 31 1
33 7 1
33 13 1
33 31 1
34 6 1
34 7 1
34 18 1
35 4 0
35 7 0
35 18 0
36 0 0
36 19 0
36 28 0
36 37 0
36 38 0
36 39 0
36 40 0
37 19 0
37 28 0
37 36 0
37 38 0
37 39 0
37 41 0
38 28 0
38 36 0
38 37 0
38 39 0
38 40 0
38 41 0
38 42 0
39 36 0
39 37 0
39 38 0
39 40 0
39 42 0
40 36 0
40 38 0
40 39 0
40 41 0
41 37 0
41 38 0
41 40 0
41 42 0
42 38 0
42 39 0
42 41 0
43 4 0
43 7 0
43 18 0
43 44 0
43 45 0
44 4 1
44 5 1
44 43 1
45 6 1
45 18 1
45 43 1
%%MatrixMarket matrix coordinate general integer
47 47 264
0 1 0
0 2 0
0 3 0
0 4 0
0 6 0
0 36 0
1 0 0
1 2 0
1 3 0
1 6 0
2 0 0
2 1 0
2 3 0
2 4 0
2 5 0
2 9 0
2 10 0
3 0 0
3 1 0
3 2 0
3 4 0
3 5 0
3 8 0
4 0 0
4 2 0
4 3 0
4 5 1
4 7 1
4 8 0
4 9 0
4 11 1
4 18 1
4 21 1
4 23 0
4 29 1
4 32 1
4 35 0
4 43 1
4 44 0
5 2 0
5 3 0
5 4 1
5 6 1
5 7 1
5 11 1
5 12 1
5 13 1
5 14 1
5 28 0
5 44 0
6 0 0
6 1 0
6 5 0
6 7 0
6 10 0
6 18 0
6 19 0
6 24 0
6 26 0
6 27 0
6 28 0
6 34 0
6 45 0
7 4 1
7 5 1
7 6 1
7 8 0
7 9 0
7 10 0
7 11 1
7 12 1
7 13 1
7 14 1
7 15 1
7 18 1
7 19 0
7 20 1
7 21 1
7 23 0
7 24 0
7 26 0
7 27 0
7 30 1
7 31 1
7 33 1
7 34 0
7 35 0
7 43 1
8 3 0
8 4 0
8 7 0
9 2 0
9 4 0
9 7 0
10 2 0
10 6 0
10 7 0
11 4 1
11 5 1
11 7 1
11 12 1
11 13 1
11 17 1
11 29 1
12 5 1
12 7 1
12 11 1
13 5 0
13 7 1
13 11 1
13 14 1
13 15 1
13 16 1
13 17 1
13 20 1
13 28 0
13 33 1
14 5 1
14 7 1
14 13 1
14 15 1
14 16 1
14 17 1
15 7 1
15 13 1
15 14 1
15 16 1
16 13 1
16 14 1
16 15 1
17 11 1
17 13 1
17 14 1
18 4 1
18 6 1
18 7 1
18 19 0
18 20 1
18 22 1
18 23 0
18 24 0
18 25 1
18 26 0
18 27 0
18 29 1
18 30 1
18 31 1
18 34 0
18 35 0
18 43 1
18 45 0
19 6 0
19 7 0
19 18 0
19 36 0
19 37 0
20 7 1
20 13 1
20 18 1
20 21 1
20 22 1
21 4 1
21 7 1
21 20 1
21 22 1
22 18 1
22 20 1
22 21 1
23 4 1
23 7 1
23 18 1
23 25 1
24 6 1
24 7 1
24 18 1
24 25 1
25 18 0
25 23 0
25 24 0
26 6 1
26 7 1
26 18 1
27 6 1
27 7 1
27 18 1
28 5 0
28 6 0
28 13 0
28 36 0
28 37 0
28 38 0
29 4 1
29 11 1
29 18 1
29 30 1
30 7 1
30 18 1
30 29 1
30 31 1
30 32 1
31 7 1
31 18 1
31 30 1
31 32 1
31 33 1
32 4 1
32 30 1
32 31 1
33 7 1
33 13 1
33 31 1
34 6 1
34 7 1
34 18 1
35 4 0
35 7 0
35 18 0
36 0 0
36 19 0
36 28 0
36 37 0
36 38 0
36 39 0
36 40 0
37 19 0
37 28 0
37 36 0
37 38 0
37 39 0
37 41 0
38 28 0
38 36 0
38 37 0
38 39 0
38 40 0
38 41 0
38 42 0
39 36 0
39 37 0
39 38 0
39 40 0
39 42 0
40 36 0
40 38 0
40 39 0
40 41 0
41 37 0
41 38 0
41 40 0
41 42 0
42 38 0
42 39 0
42 41 0
43 4 0
43 7 0
43 18 0
43 44 0
43 45 0
44 4 1
44 5 1
44 43 1
45 6 1
45 18 1
45 43 1
%%MatrixMarket matrix coordinate general integer
47 47 264
0 1 0
0 2 0
0 3 0
0 4 0
0 6 0
0 36 0
1 0 0
1 2 0
1 3 0
1 6 0
2 0 0
2 1 0
2 3 0
2 4 0
2 5 0
2 9 0
2 10 0
3 0 0
3 1 0
3 2 0
3 4 0
3 5 0
3 8 0
4 0 0
4 2 0
4 3 0
4 5 1
4 7 1
4 8 0
4 9 0
4 11 1
4 18 1
4 21 1
4 23 0
4 29 1
4 32 1
4 35 0
4 43 1
4 44 0
5 2 0
5 3 0
5 4 1
5 6 1
5 7 1
5 11 1
5 12 1
5 13 1
5 14 1
5 28 0
5 44 0
6 0 0
6 1 0
6 5 0
6 7 0
6 10 0
6 18 0
6 19 0
6 24 0
6 26 0
6 27 0
6 28 0
6 34 0
6 45 0
7 4 1
7 5 1
7 6 1
7 8 0
7 9 0
7 10 0
7 11 1
7 12 1
7 13 1
7 14 1
7 15 1
7 18 1
7 19 0
7 20 1
7 21 1
7 23 0
7 24 0
7 26 0
7 27 0
7 30 1
7 31 1
7 33 1
7 34 0
7 35 0
7 43 1
8 3 0
8 4 0
8 7 0
9 2 0
9 4 0
9 7 0
10 2 0
10 6 0
10 7 0
11 4 1
11 5 1
11 7 1
11 12 1
11 13 1
11 17 1
11 29 1
12 5 1
12 7 1
12 11 1
13 5 0
13 7 1
13 11 1
13 14 1
13 15 1
13 16 1
13 17 1
13 20 1
13 28 0
13 33 1
14 5 1
14 7 1
14 13 1
14 15 1
14 16 1
14 17 1
15 7 1
15 13 1
15 14 1
15 16 1
16 13 1
16 14 1
16 15 1
17 11 1
17 13 1
17 14 1
18 4 1
18 6 1
18 7 1
18 19 0
18 20 1
18 22 1
18 23 0
18 24 0
18 25 1
18 26 0
18 27 0
18 29 1
18 30 1
18 31 1
18 34 0
18 35 0
18 43 1
18 45 0
19 6 0
19 7 0
19 18 0
19 36 0
19 37 0
20 7 1
20 13 1
20 18 1
20 21 1
20 22 1
21 4 1
21 7 1
21 20 1
21 22 1
22 18 1
22 20 1
22 21 1
23 4 1
23 7 1
23 18 1
23 25 1
24 6 1
24 7 1
24 18 1
24 25 1
25 18 0
25 23 0
25 24 0
26 6 1
26 7 1
26 18 1
27 6 1
27 7 1
27 18 1
28 5 0
28 6 0
28 13 0
28 36 0
28 37 0
28 38 0
29 4 1
29 11 1
29 18 1
29 30 1
30 7 1
30 18 1
30 29 1
30 31 1
30 32 1
31 7 1
31 18 1
31 30 1
31 32 1
31 33 1
32 4 1
32 30 1
32 31 1
33 7 1
33 13 1
33 31 1
34 6 1
34 7 1
34 18 1
35 4 0
35 7 0
35 18 0
36 0 0
36 19 0
36 28 0
36 37 0
36 38 0
36 39 0
36 40 0
37 19 0
37 28 0
37 36 0
37 38 0
37 39 0
37 41 0
38 28 0
38 36 0
38 37 0
38 39 0
38 40 0
38 41 0
38 42 0
39 36 0
39 37 0
39 38 0
39 40 0
39 42 0
40 36 0
40 38 0
40 39 0
40 41 0
41 37 0
41 38 0
41 40 0
41 42 0
42 38 0
42 39 0
42 41 0
43 4 0
43 7 0
43 18 0
43 44 0
43 45 0
44 4 1
44 5 1
44 43 1
45 6 1
45 18 1
45 43 1
%%MatrixMarket matrix coordinate general integer
47 47 264
0 1 0
0 2 0
0 3 0
0 4 0
0 6 0
0 36 0
1 0 0
1 2 0
1 3 0
1 6 0
2 0 0
2 1 0
2 3 0
2 4 0
2 5 0
2 9 0
2 10 0
3 0 0
3 1 0
3 2 0
3 4 0
3 5 0
3 8 0
4 0 0
4 2 0
4 3 0
4 5 1
4 7 1
4 8 0
4 9 0
4 11 1
4 18 1
4 21 1
4 23 0
4 29 1
4 32 1
4 35 0
4 43 1
4 44 0
5 2 0
5 3 0
5 4 1
5 6 1
5 7 1
5 11 1
5 12 1
5 13 1
5 14 1
5 28 0
5 44 0
6 0 0
6 1 0
6 5 0
6 7 0
6 10 0
6 18 0
6 19 0
6 24 0
6 26 0
6 27 0
6 28 0
6 34 0
6 45 0
7 4 1
7 5 1
7 6 1
7 8 0
7 9 0
7 10 0
7 11 1
7 12 1
7 13 1
7 14 1
7 15 1
7 18 1
7 19 0
7 20 1
7 21 1
7 23 0
7 24 0
7 26 0
7 27 0
7 30 1
7 31 1
7 33 1
7 34 0
7 35 0
7 43 1
8 3 0
8 4 0
8 7 0
9 2 0
9 4 0
9 7 0
10 2 0
10 6 0
10 7 0
11 4 1
11 5 1
11 7 1
11 12 1
11 13 1
11 17 1
11 29 1
12 5 1
12 7 1
12 11 1
13 5 0
13 7 1
13 11 1
13 14 1
13 15 1
13 16 1
13 17 1
13 20 1
13 28 0
13 33 1
14 5 1
14 7 1
14 13 1
14 15 1
14 16 1
14 17 1
15 7 1
15 13 1
15 14 1
15 16 1
16 13 1
16 14 1
16 15 1
17 11 1
17 13 1
17 14 1
18 4 1
18 6 1
18 7 1
18 19 0
18 20 1
18 22 1
18 23 0
18 24 0
18 25 1
18 26 0
18 27 0
18 29 1
18 30 1
18 31 1
18 34 0
18 35 0
18 43 1
18 45 0
19 6 0
19 7 0
19 18 0
19 36 0
19 37 0
20 7 1
20 13 1
20 18 1
20 21 1
20 22 1
21 4 1
21 7 1
21 20 1
21 22 1
22 18 1
22 20 1
22 21 1
23 4 1
23 7 1
23 18 1
23 25 1
24 6 1
24 7 1
24 18 1
24 25 1
25 18 0
25 23 0
25 24 0
26 6 1
26 7 1
26 18 1
27 6 1
27 7 1
27 18 1
28 5 0
28 6 0
28 13 0
28 36 0
28 37 0
28 38 0
29 4 1
29 11 1
29 18 1
29 30 1
30 7 1
30 18 1
30 29 1
30 31 1
30 32 1
31 7 1
31 18 1
31 30 1
31 32 1
31 33 1
32 4 1
32 30 1
32 31 1
33 7 1
33 13 1
33 31 1
34 6 1
34 7 1
34 18 1
35 4 0
35 7 0
35 18 0
36 0 0
36 19 0
36 28 0
36 37 0
36 38 0
36 39 0
36 40 0
37 19 0
37 28 0
37 36 0
37 38 0
37 39 0
37 41 0
38 28 0
38 36 0
38 37 0
38 39 0
38 40 0
38 41 0
38 42 0
39 36 0
39 37 0
39 38 0
39 40 0
39 42 0
40 36 0
40 38 0
40 39 0
40 41 0
41 37 0
41 38 0
41 40 0
41 42 0
42 38 0
42 39 0
42 41 0
43 4 0
43 7 0
43 18 0
43 44 0
43 45 0
44 4 1
44 5 1
44 43 1
45 6 1
45 18 1
45 43 1
%%MatrixMarket matrix coordinate general integer
47 47 264
0 1 0
0 2 0
0 3 0
0 4 0
0 6 0
0 36 0
1 0 0
1 2 0
1 3 0
1 6 0
2 0 0
2 1 0
2 3 0
2 4 0
2 5 0
2 9 0
2 10 0
3 0 0
3 1 0
3 2 0
3 4 0
3 5 0
3 8 0
4 0 0
4 2 0
4 3 0
4 5 1
4 7 1
4 8 0
4 9 0
4 11 1
4 18 1
4 21 1
4 23 0
4 29 1
4 32 1
4 35 0
4 43 1
4 44 0
5 2 0
5 3 0
5 4 1
5 6 1
5 7 1
5 11 1
5 12 1
5 13 1
5 14 1
5 28 0
5 44 0
6 0 0
6 1 0
6 5 0
6 7 0
6 10 0
6 18 0
6 19 0
6 24 0
6 26 0
6 27 0
6 28 0
6 34 0
6 45 0
7 4 1
7 5 1
7 6 1
7 8 0
7 9 0
7 10 0
7 11 1
7 12 1
7 13 1
7 14 1
7 15 1
7 18 1
7 19 0
7 20 1
7 21 1
7 23 0
7 24 0
7 26 0
7 27 0
7 30 1
7 31 1
7 33 1
7 34 0
7 35 0
7 43 1
8 3 0
8 4 0
8 7 0
9 2 0
9 4 0
9 7 0
10 2 0
10 6 0
10 7 0
11 4 1
11 5 1
11 7 1
11 12 1
11 13 1
11 17 1
11 29 1
12 5 1
12 7 1
12 11 1
13 5 0
13 7 1
13 11 1
13 14 1
13 15 1
13 16 1
13 17 1
13 20 1
13 28 0
13 33 1
14 5 1
14 7 1
14 13 1
14 15 1
14 16 1
14 17 1
15 7 1
15 13 1
15 14 1
15 16 1
16 13 1
16 14 1
16 15 1
17 11 1
17 13 1
17 14 1
18 4 1
18 6 1
18 7 1
18 19 0
18 20 1
18 22 1
18 23 0
18 24 0
18 25 1
18 26 0
18 27 0
18 29 1
18 30 1
18 31 1
18 34 0
18 35 0
18 43 1
18 45 0
19 6 0
19 7 0
19 18 0
19 36 0
19 37 0
20 7 1
20 13 1
20 18 1
20 21 1
20 22 1
21 4 1
21 7 1
21 20 1
21 22 1
22 18 1
22 20 1
22 21 1
23 4 1
23 7 1
23 18 1
23 25 1
24 6 1
24 7 1
24 18 1
24 25 1
25 18 0
25 23 0
25 24 0
26 6 1
26 7 1
26 18 1
27 6 1
27 7 1
27 18 1
28 5 0
28 6 0
28 13 0
28 36 0
28 37 0
28 38 0
29 4 1
29 11 1
29 18 1
29 30 1
30 7 1
30 18 1
30 29 1
30 31 1
30 32 1
31 7 1
31 18 1
31 30 1
31 32 1
31 33 1
32 4 1
32 30 1
32 31 1
33 7 1
33 13 1
33 31 1
34 6 1
34 7 1
34 18 1
35 4 0
35 7 0
35 18 0
36 0 0
36 19 0
36 28 0
36 37 0
36 38 0
36 39 0
36 40 0
37 19 0
37 28 0
37 36 0
37 38 0
37 39 0
37 41 0
38 28 0
38 36 0
38 37 0
38 39 0
38 40 0
38 41 0
38 42 0
39 36 0
39 37 0
39 38 0
39 40 0
39 42 0
40 36 0
40 38 0
40 39 0
40 41 0
41 37 0
41 38 0
41 40 0
41 42 0
42 38 0
42 39 0
42 41 0
43 4 0
43 7 0
43 18 0
43 44 0
43 45 0
44 4 1
44 5 1
44 43 1
45 6 1
45 18 1
45 43 1
%%MatrixMarket matrix coordinate general integer
47 47 264
0 1 0
0 2 0
0 3 0
0 4 0
0 6 0
0 36 0
1 0 0
1 2 0
1 3 0
1 6 0
2 0 0
2 1 0
2 3 0
2 4 0
2 5 0
2 9 0
2 10 0
3 0 0
3 1 0
3 2 0
3 4 0
3 5 0
3 8 0
4 0 0
4 2 0
4 3 0
4 5 1
4 7 1
4 8 0
4 9 0
4 11 1
4 18 1
4 21 1
4 23 0
4 29 1
4 32 1
4 35 0
4 43 1
4 44 0
5 2 0
5 3 0
5 4 1
5 6 1
5 7 1
5 11 1
5 12 1
5 13 1
5 14 1
5 28 0
5 44 0
6 0 0
6 1 0
6 5 0
6 7 0
6 10 0
6 18 0
6 19 0
6 24 0
6 26 0
6 27 0
6 28 0
6 34 0
6 45 0
7 4 1
7 5 1
7 6 1
7 8 0
7 9 0
7 10 0
7 11 1
7 12 1
7 13 1
7 14 1
7 15 1
7 18 1
7 19 0
7 20 1
7 21 1
7 23 0
7 24 0
7 26 0
7 27 0
7 30 1
7 31 1
7 33 1
7 34 0
7 35 0
7 43 1
8 3 0
8 4 0
8 7 0
9 2 0
9 4 0
9 7 0
10 2 0
10 6 0
10 7 0
11 4 1
11 5 1
11 7 1
11 12 1
11 13 1
11 17 1
11 29 1
12 5 1
12 7 1
12 11 1
13 5 0
13 7 1
13 11 1
13 14 1
13 15 1
13 16 1
13 17 1
13 20 1
13 28 0
13 33 1
14 5 1
14 7 1
14 13 1
14 15 1
14 16 1
14 17 1
15 7 1
15 13 1
15 14 1
15 16 1
16 13 1
16 14 1
16 15 1
17 11 1
17 13 1
17 14 1
18 4 1
18 6 1
18 7 1
18 19 0
18 20 1
18 22 1
18 23 0
18 24 0
18 25 1
18 26 0
18 27 0
18 29 1
18 30 1
18 31 1
18 34 0
18 35 0
18 43 1
18 45 0
19 6 0
19 7 0
19 18 0
19 36 0
19 37 0
20 7 1
20 13 1
20 18 1
20 21 1
20 22 1
21 4 1
21 7 1
21 20 1
21 22 1
22 18 1
22 20 1
22 21 1
23 4 1
23 7 1
23 18 1
23 25 1
24 6 1
24 7 1
24 18 1
24 25 1
25 18 0
25 23 0
25 24 0
26 6 1
26 7 1
26 18 1
27 6 1
27 7 1
27 18 1
28 5 0
28 6 0
28 13 0
28 36 0
28 37 0
28 38 0
29 4 1
29 11 1
29 18 1
29 30 1
30 7 1
30 18 1
30 29 1
30 31 1
30 32 1
31 7 1
31 18 1
31 30 1
31 32 1
31 33 1
32 4 1
32 30 1
32 31 1
33 7 1
33 13 1
33 31 1
34 6 1
34 7 1
34 18 1
35 4 0
35 7 0
35 18 0
36 0 0
36 19 0
36 28 0
36 37 0
36 38 0
36 39 0
36 40 0
37 19 0
37 28 0
37 36 0
37 38 0
37 39 0
37 41 0
38 28 0
38 36 0
38 37 0
38 39 0
38 40 0
38 41 0
38 42 0
39 36 0
39 37 0
39 38 0
39 40 0
39 42 0
40 36 0
40 38 0
40 39 0
40 41 0
41 37 0
41 38 0
41 40 0
41 42 0
42 38 0
42 39 0
42 41 0
43 4 0
43 7 0
43 18 0
43 44 0
43 45 0
44 4 1
44 5 1
44 43 1
45 6 1
45 18 1
45 43 1
%%MatrixMarket matrix coordinate general integer
47 47 264
0 1 0
0 2 0
0 3 0
0 4 0
0 6 0
0 36 0
1 0 0
1 2 0
1 3 0
1 6 0
2 0 0
2 1 0
2 3 0
2 4 0
2 5 0
2 9 0
2 10 0
3 0 0
3 1 0
3 2 0
3 4 0
3 5 0
3 8 0
4 0 0
4 2 0
4 3 0
4 5 1
4 7 1
4 8 0
4 9 0
4 11 1
4 18 1
4 21 1
4 23 0
4 29 1
4 32 1
4 35 0
4 43 1
4 44 0
5 2 0
5 3 0
5 4 1
5 6 1
5 7 1
5 11 1
5 12 1
5 13 1
5 14 1
5 28 0
5 44 0
6 0 0
6 1 0
6 5 0
6 7 0
6 10 0
6 18 0
6 19 0
6 24 0
6 26 0
6 27 0
6 28 0
6 34 0
6 45 0
7 4 1
7 5 1
7 6 1
7 8 0
7 9 0
7 10 0
7 11 1
7 12 1
7 13 1
7 14 1
7 15 1
7 18 1
7 19 0
7 20 1
7 21 1
7 23 0
7 24 0
7 26 0
7 27 0
7 30 1
7 31 1
7 33 1
7 34 0
7 35 0
7 43 1
8 3 0
8 4 0
8 7 0
9 2 0
9 4 0
9 7 0
10 2 0
10 6 0
10 7 0
11 4 1
11 5 1
11 7 1
11 12 1
11 13 1
11 17 1
11 29 1
12 5 1
12 7 1
12 11 1
13 5 0
13 7 1
13 11 1
13 14 1
13 15 1
13 16 1
13 17 1
13 20 1
13 28 0
13 33 1
14 5 1
14 7 1
14 13 1
14 15 1
14 16 1
14 17 1
15 7 1
15 13 1
15 14 1
15 16 1
16 13 1
16 14 1
16 15 1
17 11 1
17 13 1
17 14 1
18 4 1
18 6 1
18 7 1
18 19 0
18 20 1
18 22 1
18 23 0
18 24 0
18 25 1
18 26 0
18 27 0
18 29 1
18 30 1
18 31 1
18 34 0
18 35 0
18 43 1
18 45 0
19 6 0
19 7 0
19 18 0
19 36 0
19 37 0
20 7 1
20 13 1
20 18 1
20 21 1
20 22 1
21 4 1
21 7 1
21 20 1
21 22 1
22 18 1
22 20 1
22 21 1
23 4 1
23 7 1
23 18 1
23 25 1
24 6 1
24 7 1
24 18 1
24 25 1
25 18 0
25 23 0
25 24 0
26 6 1
26 7 1
26 18 1
27 6 1
27 7 1
27 18 1
28 5 0
28 6 0
28 13 0
28 36 0
28 37 0
28 38 0
29 4 1
29 11 1
29 18 1
29 30 1
30 7 1
30 18 1
30 29 1
30 31 1
30 32 1
31 7 1
31 18 1
31 30 1
31 32 1
31 33 1
32 4 1
32 30 1
32 31 1
33 7 1
33 13 1
33 31 1
34 6 1
34 7 1
34 18 1
35 4 0
35 7 0
35 18 0
36 0 0
36 19 0
36 28 0
36 37 0
36 38 0
36 39 0
36 40 0
37 19 0
37 28 0
37 36 0
37 38 0
37 39 0
37 41 0
38 28 0
38 36 0
38 37 0
38 39 0
38 40 0
38 41 0
38 42 0
39 36 0
39 37 0
39 38 0
39 40 0
39 42 0
40 36 0
40 38 0
40 39 0
40 41 0
41 37 0
41 38 0
41 40 0
41 42 0
42 38 0
42 39 0
42 41 0
43 4 0
43 7 0
43 18 0
43 44 0
43 45 0
44 4 1
44 5 1
44 43 1
45 6 1
45 18 1
45 43 1
