%%MatrixMarket matrix coordinate general integer
817 817 817
0 0 0
1 1 0
2 2 0
3 3 0
4 4 1
5 5 1
6 6 1
7 7 1
8 8 1
9 9 1
10 10 1
11 11 1
12 12 1
13 13 1
14 14 1
15 15 1
16 16 1
17 17 1
18 18 1
19 19 1
20 20 1
21 21 1
22 22 1
23 23 1
24 24 1
25 25 1
26 26 1
27 27 1
28 28 1
29 29 1
30 30 1
31 31 1
32 32 1
33 33 1
34 34 1
35 35 1
36 36 1
37 37 1
38 38 1
39 39 1
40 40 1
41 41 1
42 42 1
43 43 1
44 44 1
45 45 1
46 46 1
47 47 1
48 48 1
49 49 1
50 50 1
51 51 1
52 52 1
53 53 1
54 54 1
55 55 1
56 56 1
57 57 1
58 58 1
59 59 1
60 60 1
61 61 1
62 62 1
63 63 1
64 64 1
65 65 1
66 66 1
67 67 1
68 68 1
69 69 1
70 70 1
71 71 1
72 72 1
73 73 1
74 74 1
75 75 1
76 76 1
77 77 1
78 78 1
79 79 1
80 80 1
81 81 1
82 82 1
83 83 1
84 84 1
85 85 1
86 86 1
87 87 1
88 88 1
89 89 1
90 90 1
91 91 1
92 92 1
93 93 1
94 94 1
95 95 1
96 96 1
97 97 1
98 98 1
99 99 1
100 100 1
101 101 1
102 102 1
103 103 1
104 104 1
105 105 1
106 106 1
107 107 1
108 108 1
109 109 1
110 110 1
111 111 1
112 112 1
113 113 1
114 114 1
115 115 1
116 116 1
117 117 1
118 118 1
119 119 1
120 120 1
121 121 1
122 122 1
123 123 1
124 124 1
125 125 1
126 126 1
127 127 1
128 128 1
129 129 1
130 130 1
131 131 1
132 132 1
133 133 1
134 134 1
135 135 1
136 136 1
137 137 1
138 138 1
139 139 1
140 140 1
141 141 1
142 142 1
143 143 1
144 144 1
145 145 1
146 146 1
147 147 1
148 148 1
149 149 1
150 150 1
151 151 1
152 152 1
153 153 1
154 154 1
155 155 1
156 156 1
157 157 1
158 158 1
159 159 1
160 160 1
161 161 1
162 162 1
163 163 1
164 164 1
165 165 1
166 166 1
167 167 1
168 168 1
169 169 1
170 170 1
171 171 1
172 172 1
173 173 1
174 174 1
175 175 1
176 176 1
177 177 1
178 178 1
179 179 1
180 180 1
181 181 1
182 182 1
183 183 1
184 184 1
185 185 1
186 186 1
187 187 1
188 188 1
189 189 1
190 190 1
191 191 1
192 192 1
193 193 1
194 194 1
195 195 1
196 196 1
197 197 1
198 198 1
199 199 1
200 200 1
201 201 1
202 202 1
203 203 1
204 204 1
205 205 1
206 206 1
207 207 1
208 208 1
209 209 1
210 210 1
211 211 1
212 212 1
213 213 1
214 214 1
215 215 1
216 216 1
217 217 1
218 218 1
219 219 1
220 220 1
221 221 1
222 222 1
223 223 1
224 224 1
225 225 1
226 226 1
227 227 1
228 228 1
229 229 1
230 230 1
231 231 1
232 232 1
233 233 1
234 234 1
235 235 1
236 236 1
237 237 1
238 238 1
239 239 1
240 240 1
241 241 1
242 242 1
243 243 1
244 244 1
245 245 1
246 246 1
247 247 1
248 248 1
249 249 1
250 250 1
251 251 1
252 252 1
253 253 1
254 254 1
255 255 1
256 256 1
257 257 1
258 258 1
259 259 1
260 260 1
261 261 1
262 262 1
263 263 1
264 264 1
265 265 1
266 266 1
267 267 1
268 268 1
269 269 1
270 270 1
271 271 1
272 272 1
273 273 1
274 274 1
275 275 1
276 276 1
277 277 1
278 278 1
279 279 1
280 280 1
281 281 1
282 282 1
283 283 1
284 284 1
285 285 1
286 286 1
287 287 1
288 288 1
289 289 1
290 290 1
291 291 1
292 292 1
293 293 1
294 294 1
295 295 1
296 296 1
297 297 1
298 298 1
299 299 1
300 300 1
301 301 1
302 302 1
303 303 1
304 304 1
305 305 1
306 306 1
307 307 1
308 308 1
309 309 1
310 310 1
311 311 1
312 312 1
313 313 1
314 314 1
315 315 1
316 316 1
317 317 1
318 318 1
319 319 1
320 320 1
321 321 1
322 322 1
323 323 1
324 324 1
325 325 1
326 326 1
327 327 1
328 328 1
329 329 1
330 330 1
331 331 1
332 332 1
333 333 1
334 334 1
335 335 1
336 336 1
337 337 1
338 338 1
339 339 1
340 340 1
341 341 1
342 342 1
343 343 1
344 344 1
345 345 1
346 346 1
347 347 1
348 348 1
349 349 1
350 350 1
351 351 1
352 352 1
353 353 1
354 354 1
355 355 1
356 356 1
357 357 1
358 358 1
359 359 1
360 360 1
361 361 1
362 362 1
363 363 1
364 364 1
365 365 1
366 366 1
367 367 1
368 368 1
369 369 1
370 370 1
371 371 1
372 372 1
373 373 1
374 374 1
375 375 1
376 376 1
377 377 1
378 378 1
379 379 1
380 380 1
381 381 1
382 382 1
383 383 1
384 384 1
385 385 1
386 386 1
387 387 1
388 388 1
389 389 1
390 390 1
391 391 1
392 392 1
393 393 1
394 394 1
395 395 1
396 396 1
397 397 1
398 398 1
399 399 1
400 400 0
401 401 0
402 402 0
403 403 0
404 404 0
405 405 0
406 406 0
407 407 0
408 408 0
409 409 0
410 410 0
411 411 0
412 412 0
413 413 0
414 414 0
415 415 0
416 416 0
417 417 0
418 418 0
419 419 0
420 420 0
421 421 0
422 422 0
423 423 0
424 424 0
425 425 0
426 426 0
427 427 0
428 428 0
429 429 0
430 430 0
431 431 0
432 432 0
433 433 0
434 434 0
435 435 0
436 436 0
437 437 0
438 438 0
439 439 0
440 440 0
441 441 0
442 442 0
443 443 0
444 444 0
445 445 0
446 446 0
447 447 0
448 448 0
449 449 0
450 450 0
451 451 0
452 452 0
453 453 0
454 454 0
455 455 0
456 456 0
457 457 0
458 458 0
459 459 0
460 460 0
461 461 0
462 462 0
463 463 0
464 464 0
465 465 0
466 466 0
467 467 0
468 468 0
469 469 0
470 470 0
471 471 0
472 472 0
473 473 0
474 474 0
475 475 0
476 476 0
477 477 0
478 478 0
479 479 0
480 480 0
481 481 0
482 482 0
483 483 0
484 484 0
485 485 0
486 486 0
487 487 0
488 488 0
489 489 0
490 490 0
491 491 0
492 492 0
493 493 0
494 494 0
495 495 0
496 496 0
497 497 0
498 498 0
499 499 0
500 500 0
501 501 0
502 502 0
503 503 0
504 504 0
505 505 0
506 506 0
507 507 0
508 508 0
509 509 0
510 510 0
511 511 0
512 512 0
513 513 0
514 514 0
515 515 0
516 516 0
517 517 0
518 518 0
519 519 0
520 520 0
521 521 0
522 522 0
523 523 0
524 524 0
525 525 0
526 526 0
527 527 0
528 528 0
529 529 0
530 530 0
531 531 0
532 532 0
533 533 0
534 534 0
535 535 0
536 536 0
537 537 0
538 538 0
539 539 0
540 540 0
541 541 0
542 542 0
543 543 0
544 544 0
545 545 0
546 546 0
547 547 0
548 548 0
549 549 0
550 550 0
551 551 0
552 552 0
553 553 0
554 554 0
555 555 0
556 556 0
557 557 0
558 558 0
559 559 0
560 560 0
561 561 0
562 562 0
563 563 0
564 564 0
565 565 0
566 566 0
567 567 0
568 568 0
569 569 0
570 570 0
571 571 0
572 572 0
573 573 0
574 574 0
575 575 0
576 576 0
577 577 0
578 578 0
579 579 0
580 580 0
581 581 0
582 582 0
583 583 0
584 584 0
585 585 0
586 586 0
587 587 0
588 588 0
589 589 0
590 590 0
591 591 0
592 592 0
593 593 0
594 594 0
595 595 0
596 596 0
597 597 0
598 598 0
599 599 0
600 600 0
601 601 0
602 602 0
603 603 0
604 604 0
605 605 0
606 606 0
607 607 0
608 608 0
609 609 0
610 610 0
611 611 0
612 612 0
613 613 0
614 614 0
615 615 0
616 616 0
617 617 0
618 618 0
619 619 0
620 620 0
621 621 0
622 622 0
623 623 0
624 624 0
625 625 0
626 626 0
627 627 0
628 628 0
629 629 0
630 630 0
631 631 0
632 632 0
633 633 0
634 634 0
635 635 0
636 636 0
637 637 0
638 638 0
639 639 0
640 640 0
641 641 0
642 642 0
643 643 0
644 644 0
645 645 0
646 646 0
647 647 0
648 648 0
649 649 0
650 650 0
651 651 0
652 652 0
653 653 0
654 654 0
655 655 0
656 656 0
657 657 0
658 658 0
659 659 0
660 660 0
661 661 0
662 662 0
663 663 0
664 664 0
665 665 0
666 666 0
667 667 0
668 668 0
669 669 0
670 670 0
671 671 0
672 672 0
673 673 0
674 674 0
675 675 0
676 676 0
677 677 0
678 678 0
679 679 0
680 680 0
681 681 0
682 682 0
683 683 0
684 684 0
685 685 0
686 686 0
687 687 0
688 688 0
689 689 0
690 690 0
691 691 0
692 692 0
693 693 0
694 694 0
695 695 0
696 696 0
697 697 0
698 698 0
699 699 0
700 700 0
701 701 0
702 702 0
703 703 0
704 704 0
705 705 0
706 706 0
707 707 0
708 708 0
709 709 0
710 710 0
711 711 0
712 712 0
713 713 0
714 714 0
715 715 0
716 716 0
717 717 0
718 718 0
719 719 0
720 720 0
721 721 0
722 722 0
723 723 0
724 724 0
725 725 0
726 726 0
727 727 0
728 728 0
729 729 0
730 730 0
731 731 0
732 732 0
733 733 0
734 734 0
735 735 0
736 736 0
737 737 0
738 738 0
739 739 0
740 740 0
741 741 0
742 742 0
743 743 0
744 744 0
745 745 0
746 746 0
747 747 0
748 748 0
749 749 0
750 750 0
751 751 0
752 752 0
753 753 0
754 754 0
755 755 0
756 756 0
757 757 0
758 758 0
759 759 0
760 760 0
761 761 0
762 762 0
763 763 0
764 764 0
765 765 0
766 766 0
767 767 0
768 768 0
769 769 0
770 770 0
771 771 0
772 772 0
773 773 0
774 774 0
775 775 0
776 776 0
777 777 0
778 778 0
779 779 0
780 780 0
781 781 0
782 782 0
783 783 0
784 784 0
785 785 0
786 786 0
787 787 0
788 788 0
789 789 0
790 790 0
791 791 0
792 792 0
793 793 0
794 794 0
795 795 0
796 796 0
797 797 0
798 798 0
799 799 0
800 800 0
801 801 0
802 802 0
803 803 0
804 804 0
805 805 0
806 806 0
807 807 0
808 808 0
809 809 0
810 810 0
811 811 0
812 812 0
813 813 0
814 814 0
815 815 0
816 816 0
