%%MatrixMarket matrix coordinate general integer
32 32 98
0 0 0
0 1 0
0 2 0
0 3 0
1 0 0
1 1 0
1 2 0
1 3 0
2 2 0
2 3 0
3 4 0
3 5 0
3 6 0
3 7 0
4 6 0
4 7 0
5 8 0
5 9 0
5 10 0
5 11 0
6 10 0
6 11 0
7 12 1
7 13 1
7 14 1
7 15 1
8 14 1
8 15 1
9 16 1
9 17 1
9 18 1
9 19 1
10 18 1
10 19 1
11 20 1
11 21 1
11 22 1
11 23 1
12 24 1
12 28 1
12 29 1
12 30 1
12 31 1
13 25 1
13 28 1
13 29 1
13 30 1
13 31 1
14 26 0
14 28 0
14 29 0
14 30 0
14 31 0
15 27 1
15 28 1
15 29 1
15 30 1
15 31 1
16 2 0
16 6 0
16 10 0
16 30 0
17 3 0
17 7 0
17 11 0
17 31 0
18 14 1
18 18 1
18 22 1
18 26 0
19 15 1
19 19 1
19 23 1
19 27 1
20 0 0
20 4 0
21 1 0
21 5 0
22 0 0
22 8 0
23 1 0
23 9 0
24 0 0
24 28 0
25 1 0
25 29 0
26 12 1
26 24 1
27 13 1
27 25 1
28 16 1
28 24 1
29 17 1
29 25 1
30 20 1
30 24 1
31 21 1
31 25 1
%%MatrixMarket matrix coordinate general integer
32 32 98
0 0 0
0 1 0
0 2 0
0 3 0
1 0 0
1 1 0
1 2 0
1 3 0
2 2 0
2 3 0
3 4 0
3 5 0
3 6 0
3 7 0
4 6 0
4 7 0
5 8 0
5 9 0
5 10 0
5 11 0
6 10 0
6 11 0
7 12 1
7 13 1
7 14 1
7 15 1
8 14 1
8 15 1
9 16 1
9 17 1
9 18 1
9 19 1
10 18 1
10 19 1
11 20 1
11 21 1
11 22 1
11 23 1
12 24 1
12 28 1
12 29 1
12 30 1
12 31 1
13 25 1
13 28 1
13 29 1
13 30 1
13 31 1
14 26 0
14 28 0
14 29 0
14 30 0
14 31 0
15 27 1
15 28 1
15 29 1
15 30 1
15 31 1
16 2 0
16 6 0
16 10 0
16 30 0
17 3 0
17 7 0
17 11 0
17 31 0
18 14 1
18 18 1
18 22 1
18 26 0
19 15 1
19 19 1
19 23 1
19 27 1
20 0 0
20 4 0
21 1 0
21 5 0
22 0 0
22 8 0
23 1 0
23 9 0
24 0 0
24 28 0
25 1 0
25 29 0
26 12 1
26 24 1
27 13 1
27 25 1
28 16 1
28 24 1
29 17 1
29 25 1
30 20 1
30 24 1
31 21 1
31 25 1
%%MatrixMarket matrix coordinate general integer
32 32 98
0 0 0
0 1 0
0 2 0
0 3 0
1 0 0
1 1 0
1 2 0
1 3 0
2 2 0
2 3 0
3 4 0
3 5 0
3 6 0
3 7 0
4 6 0
4 7 0
5 8 0
5 9 0
5 10 0
5 11 0
6 10 0
6 11 0
7 12 1
7 13 1
7 14 1
7 15 1
8 14 1
8 15 1
9 16 1
9 17 1
9 18 1
9 19 1
10 18 1
10 19 1
11 20 1
11 21 1
11 22 1
11 23 1
12 24 1
12 28 1
12 29 1
12 30 1
12 31 1
13 25 1
13 28 1
13 29 1
13 30 1
13 31 1
14 26 0
14 28 0
14 29 0
14 30 0
14 31 0
15 27 1
15 28 1
15 29 1
15 30 1
15 31 1
16 2 0
16 6 0
16 10 0
16 30 0
17 3 0
17 7 0
17 11 0
17 31 0
18 14 1
18 18 1
18 22 1
18 26 0
19 15 1
19 19 1
19 23 1
19 27 1
20 0 0
20 4 0
21 1 0
21 5 0
22 0 0
22 8 0
23 1 0
23 9 0
24 0 0
24 28 0
25 1 0
25 29 0
26 12 1
26 24 1
27 13 1
27 25 1
28 16 1
28 24 1
29 17 1
29 25 1
30 20 1
30 24 1
31 21 1
31 25 1
