%%MatrixMarket matrix coordinate general integer
72 72 222
0 0 0
0 1 0
1 0 0
1 1 0
1 2 0
2 1 0
2 2 0
2 3 0
3 2 0
3 3 0
3 4 0
4 3 0
4 4 0
4 5 0
5 4 0
5 5 0
5 6 0
5 12 0
6 5 0
6 6 0
6 7 0
7 6 0
7 7 0
7 8 0
8 7 0
8 8 0
8 9 0
9 8 0
9 9 0
9 10 0
10 9 0
10 10 0
10 11 0
11 10 0
11 11 0
11 13 0
12 5 0
12 12 0
12 19 0
13 11 0
13 13 0
13 25 0
14 14 0
14 15 0
15 14 0
15 15 0
15 16 0
16 15 0
16 16 0
16 17 0
17 16 0
17 17 0
17 18 0
18 17 0
18 18 0
18 19 0
19 12 0
19 18 0
19 19 0
19 20 0
19 26 0
20 19 0
20 20 0
20 21 0
21 20 0
21 21 0
21 22 0
22 21 0
22 22 0
22 23 0
23 22 0
23 23 0
23 24 0
24 23 0
24 24 0
24 25 0
25 13 0
25 24 0
25 25 0
25 27 0
26 19 0
26 26 0
26 33 0
27 25 0
27 27 0
27 39 0
28 28 1
28 29 1
29 28 1
29 29 1
29 30 1
30 29 1
30 30 1
30 31 1
31 30 1
31 31 1
31 32 1
32 31 1
32 32 1
32 33 1
33 26 0
33 32 1
33 33 0
33 34 0
33 40 1
34 33 0
34 34 0
34 35 0
35 34 0
35 35 0
35 36 0
36 35 0
36 36 0
36 37 0
37 36 0
37 37 0
37 38 0
38 37 0
38 38 0
38 39 0
39 27 0
39 38 0
39 39 0
39 41 1
40 33 1
40 40 1
40 47 1
41 39 0
41 41 1
41 53 1
42 42 1
42 43 1
43 42 1
43 43 1
43 44 1
44 43 1
44 44 1
44 45 1
45 44 1
45 45 1
45 46 1
46 45 1
46 46 1
46 47 1
47 40 1
47 46 1
47 47 1
47 48 1
47 54 1
48 47 1
48 48 1
48 49 1
49 48 1
49 49 1
49 50 1
50 49 1
50 50 1
50 51 1
51 50 1
51 51 1
51 52 1
52 51 1
52 52 1
52 53 1
53 41 1
53 52 1
53 53 1
53 55 1
54 47 1
54 54 1
54 61 1
55 53 1
55 55 1
55 67 1
56 56 1
56 57 1
57 56 1
57 57 1
57 58 1
58 57 1
58 58 1
58 59 1
59 58 1
59 59 1
59 60 1
60 59 1
60 60 1
60 61 1
61 54 1
61 60 1
61 61 1
61 62 1
61 68 1
62 61 1
62 62 1
62 63 1
63 62 1
63 63 1
63 64 1
64 63 1
64 64 1
64 65 1
65 64 1
65 65 1
65 66 1
66 65 1
66 66 1
66 67 1
67 55 1
67 66 1
67 67 1
67 69 1
68 61 1
68 68 1
68 70 1
69 67 1
69 69 1
69 71 1
70 68 1
70 70 1
71 69 1
71 71 1
