%%MatrixMarket matrix coordinate general integer
21 25 74
0 0 0
0 1 0
0 9 1
0 13 1
1 0 0
2 1 0
2 2 0
2 10 0
2 14 0
3 1 0
3 2 0
3 5 0
3 17 0
4 3 2
4 5 2
4 10 2
5 5 2
5 9 1
5 11 2
5 21 1
6 3 2
6 9 1
6 11 2
6 15 1
7 4 1
7 12 1
7 13 1
7 16 1
8 13 1
8 16 1
8 17 1
8 21 1
9 4 0
9 14 0
9 17 0
10 12 1
10 15 1
10 21 1
11 2 0
11 6 0
11 18 0
12 3 2
12 6 2
12 7 2
12 19 2
13 6 2
13 7 2
13 10 2
13 22 2
14 14 0
14 18 0
14 20 0
14 22 0
15 4 0
15 8 0
15 18 0
15 20 0
16 8 2
16 19 2
16 22 2
17 7 2
17 11 2
17 23 2
18 15 1
18 19 2
18 23 2
18 24 1
19 8 2
19 12 1
19 23 2
19 24 1
20 16 1
20 20 1
20 24 1
