%%MatrixMarket matrix coordinate general integer
11 36 147
0 1 0
0 2 0
0 3 0
1 1 0
1 2 0
1 4 0
1 5 0
1 6 0
1 7 0
1 8 0
1 9 0
1 10 0
2 2 0
2 4 0
2 5 0
2 7 0
2 9 0
2 10 0
2 11 0
2 12 1
2 13 0
2 14 1
2 15 1
2 16 1
2 17 1
2 18 1
3 2 0
3 3 0
3 5 0
3 7 0
3 8 0
3 10 0
3 11 0
3 14 1
3 15 1
3 17 1
3 19 0
4 3 0
4 7 0
4 8 0
4 11 0
4 12 1
4 15 1
4 17 1
4 18 1
4 20 1
4 21 1
5 5 0
5 6 0
5 8 0
5 10 0
5 13 0
5 14 1
5 16 1
5 17 1
5 18 1
5 22 2
5 23 2
5 24 2
5 25 2
5 26 2
5 27 2
6 7 0
6 8 0
6 9 0
6 11 0
6 12 1
6 13 0
6 15 1
6 16 1
6 17 1
6 18 1
6 20 1
6 21 1
6 22 2
6 25 2
6 28 2
6 29 2
6 30 2
6 31 2
6 32 2
7 8 0
7 10 0
7 12 1
7 13 0
7 14 1
7 15 1
7 16 1
7 17 1
7 18 1
7 20 1
7 21 1
7 22 2
7 23 2
7 24 2
7 25 2
7 27 2
7 28 2
7 29 2
7 30 2
7 31 2
7 32 2
7 33 2
7 34 2
8 7 0
8 8 0
8 9 0
8 10 0
8 12 1
8 14 1
8 15 1
8 17 1
8 18 1
8 19 0
8 20 1
8 21 1
8 22 2
8 23 2
8 24 2
8 25 2
8 28 2
8 31 2
8 34 2
9 14 1
9 16 1
9 17 1
9 23 2
9 24 2
9 26 2
9 31 2
9 32 2
9 33 2
10 15 1
10 16 1
10 17 1
10 18 1
10 20 1
10 21 1
10 25 2
10 27 2
10 28 2
10 29 2
10 30 2
10 31 2
10 32 2
10 33 2
10 35 2
