%%MatrixMarket matrix coordinate general integer
73 73 96
0 4 0
0 5 0
0 6 0
0 7 0
0 8 0
0 9 0
0 10 0
0 11 0
0 12 0
0 13 0
0 14 0
0 15 0
0 16 0
0 17 0
0 18 0
0 19 0
0 20 0
0 21 0
0 22 0
8 23 1
10 24 0
11 30 1
12 27 0
16 28 1
19 29 3
22 25 1
22 26 1
23 32 3
23 34 3
23 36 3
24 38 1
26 31 3
27 33 1
29 37 2
30 35 1
31 36 3
32 37 2
33 29 3
33 32 3
33 34 3
33 37 2
33 39 2
33 40 2
33 41 2
33 42 2
33 44 3
33 45 2
33 47 2
33 48 2
33 50 2
33 51 2
33 52 2
33 53 2
33 54 2
33 55 2
33 56 2
33 57 2
35 8 0
35 34 3
35 44 3
35 46 0
36 37 2
38 32 3
38 34 3
38 43 3
38 44 3
38 49 3
39 59 1
40 61 1
42 34 3
43 64 1
44 60 1
45 37 2
46 37 2
47 62 1
48 58 1
49 63 0
58 68 1
59 44 3
60 60 1
60 61 1
62 29 3
62 30 1
62 33 1
62 34 3
62 44 3
62 66 1
62 67 1
62 69 1
63 65 2
66 70 1
67 37 2
69 71 2
70 69 1
71 44 3
71 72 3
